Wheel Speed,RPM,Gear,Angle,Throttle,Braking,Clutch,Temp,X,Y
5.34395,0.2,1,0.005934274,0,0,0.4,42.9138,-1600.924,3164.508
5.323305,0.2,1,0.004872184,0,0,0.4,43.00448,-1600.878,3164.414
5.288271,0.2,1,0.004259004,0,0,0.4,43.06813,-1600.845,3164.348
5.274054,0.2,1,0.003709588,0,0,0.4,43.1333,-1600.812,3164.281
5.257875,0.2,1,0.003152687,0,0,0.4,43.20906,-1600.774,3164.204
5.240968,0.2,1,0.002613732,0,0,0.4,43.2952,-1600.73,3164.116
5.209082,0.2,1,0.002292031,0,0,0.4,43.35711,-1600.699,3164.053
5.197041,0.2,1,0.001954425,0,0,0.4,43.43112,-1600.661,3163.978
5.179401,0.2,1,0.00166826,0,0,0.4,43.50459,-1600.624,3163.904
5.158934,0.2,1,0.001286477,0,0,0.4,43.61926,-1600.567,3163.789
5.122199,0.2,1,0.001134193,0,0,0.4,43.67845,-1600.537,3163.729
5.105731,0.2,1,0.001006024,0,0,0.4,43.73489,-1600.509,3163.673
5.088702,0.2,1,0.0008635328,0,0,0.4,43.80555,-1600.474,3163.603
5.072548,0.2,1,0.0007394891,0,0,0.4,43.87713,-1600.438,3163.532
5.051106,0.2,1,0.0006316177,0,0,0.4,43.94971,-1600.402,3163.46
5.041309,0.2,1,0.0005408103,0,0,0.4,44.02116,-1600.367,3163.389
5.032446,0.2,1,0.0004478367,0,0,0.4,44.10647,-1600.326,3163.305
5.026378,0.2,1,0.0003948171,0,0,0.4,44.16513,-1600.297,3163.247
5.0225,0.2,1,0.0003370431,0,0,0.4,44.23755,-1600.262,3163.176
5.014997,0.2,1,0.0002884195,0,0,0.4,44.30885,-1600.228,3163.106
4.999667,0.2,1,0.0002462003,0,0,0.4,44.3811,-1600.194,3163.035
4.982356,0.2157476,1,0.0002106803,1,0,0.4314324,44.45221,-1600.159,3162.965
5.026033,0.2317469,1,0.0001798317,1,0,0.463367,44.5243,-1600.124,3162.893
5.128827,0.2474809,1,0.0001539697,1,0,0.4947722,44.595,-1600.089,3162.82
5.231993,0.2634511,1,0.0001315279,1,0,0.5266488,44.66657,-1600.053,3162.745
5.337945,0.2791978,1,0.0001126569,1,0,0.5580794,44.73694,-1600.016,3162.67
5.45032,0.2951931,1,4.989968,1,0,0.5900062,44.8082,-1599.978,3162.592
5.568601,0.3109524,1,9.182758,1,0,0.6214618,44.87818,-1599.938,3162.515
5.807969,0.3269422,1,12.82191,1,0,0.6533776,44.94897,-1599.896,3162.436
5.962754,0.3426977,1,15.88281,1,0,0.6848256,45.01851,-1599.853,3162.357
6.022756,0.3586682,1,18.53866,1,0,0.716703,45.08879,-1599.807,3162.276
6.080138,0.374501,1,20.78766,1,0,0.7483054,45.15826,-1599.76,3162.195
6.232833,0.3903639,1,22.71575,1,0,0.7799678,45.22763,-1599.71,3162.114
6.404298,0.4062279,1,24.36558,1,0,0.8116324,45.2968,-1599.659,3162.031
6.641961,0.4221037,1,25.77889,1,0,0.8433208,45.3658,-1599.605,3161.948
6.838499,0.437932,1,26.98524,1,0,0.8749142,45.43439,-1599.55,3161.864
6.990822,0.4538382,1,28.02392,1,0,0.9066629,45.50309,-1599.493,3161.779
7.144822,0.4470402,1,28.90996,1,0,0.8940803,45.57131,-1599.434,3161.694
7.300728,0.4630781,1,29.67872,1,0,0.9260921,45.64015,-1599.371,3161.607
7.455661,0.4543316,1,30.33228,1,0,0.9086632,45.70832,-1599.308,3161.52
7.612806,0.4702068,1,30.89032,1,0,0.9403502,45.77603,-1599.244,3161.433
7.827887,0.4642711,1,31.36905,1,0,0.9285421,45.84353,-1599.177,3161.345
8.065387,0.480136,1,26.97649,1,0,0.9602087,45.91077,-1599.108,3161.257
8.302691,0.4774022,1,23.21053,1,0,0.9548043,45.97772,-1599.037,3161.167
8.541589,0.4920244,1,19.95671,1,0,0.9840488,46.04486,-1598.963,3161.076
8.778339,0.4967131,1,17.19203,1,0,0.9934263,46.11113,-1598.888,3160.985
9.017096,0.5076866,1,14.79737,1,0,1,46.17768,-1598.811,3160.891
9.254003,0.5183354,1,12.75866,1,0,1,46.24341,-1598.732,3160.795
9.492305,0.5288978,1,10.99609,1,0,1,46.30924,-1598.651,3160.698
9.724339,0.5398977,1,9.485326,1,0,1,46.37462,-1598.568,3160.598
9.940911,0.5501837,1,8.190219,1,0,1,46.43951,-1598.484,3160.498
10.15407,0.5596388,1,7.072891,1,0,1,46.50426,-1598.399,3160.396
10.36772,0.5687329,1,6.111292,1,0,1,46.56871,-1598.311,3160.292
10.58544,0.576297,1,0.6421573,1,0,1,46.63279,-1598.223,3160.187
10.80675,0.5834401,1,-4.086372,1,0,1,46.69679,-1598.133,3160.08
11.03417,0.5892937,1,-8.20767,1,0,1,46.76121,-1598.042,3159.97
11.26975,0.5948578,1,-11.69638,1,0,1,46.82428,-1597.951,3159.861
11.50725,0.6002214,1,-14.73775,1,0,1,46.88768,-1597.859,3159.749
11.74577,0.6060665,1,-17.37685,1,0,1,46.95116,-1597.767,3159.635
11.98285,0.6121907,1,-19.6428,1,0,1,47.01408,-1597.675,3159.521
12.22079,0.6207125,1,-21.60966,1,0,1,47.07707,-1597.583,3159.404
12.45808,0.6297002,1,-23.30566,1,0,1,47.13972,-1597.492,3159.285
12.69402,0.6389943,1,-24.76475,1,0,1,47.20185,-1597.4,3159.167
12.93159,0.6487007,1,-26.03751,1,0,1,47.26427,-1597.309,3159.045
13.16914,0.6592806,1,-27.13912,1,0,1,47.32653,-1597.217,3158.923
13.40707,0.670259,1,-28.09439,1,0,1,47.38876,-1597.125,3158.799
13.64417,0.6814182,1,-28.91852,1,0,1,47.45061,-1597.034,3158.674
13.8818,0.6926522,1,-29.63411,1,0,1,47.51247,-1596.942,3158.548
14.1193,0.7033472,1,-30.25353,1,0,1,47.57415,-1596.851,3158.421
14.35771,0.7144638,1,-30.79217,1,0,1,47.63591,-1596.76,3158.292
14.60423,0.7260876,1,-31.27442,1,0,1,47.69962,-1596.665,3158.157
14.84216,0.7382143,1,-31.67536,1,0,1,47.76094,-1596.574,3158.025
15.08188,0.750369,1,-32.02534,1,0,1,47.82256,-1596.483,3157.891
15.3215,0.7625371,1,-27.76136,1,0,1,47.884,-1596.392,3157.756
15.56037,0.7784934,1,-24.08172,1,0,1,47.94509,-1596.301,3157.619
15.79658,0.7942722,1,-20.93036,1,0,1,48.00531,-1596.211,3157.482
16.03539,0.8092802,1,-18.16658,1,0,1,48.066,-1596.121,3157.343
16.27286,0.8231207,1,-15.78607,1,0,1,48.12614,-1596.03,3157.201
16.5226,0.8368525,1,-13.61599,1,0,1,48.18914,-1595.934,3157.051
16.76002,0.850718,1,-11.84139,1,0,1,48.24878,-1595.842,3156.907
16.99696,0.8626035,1,-10.30548,1,0,1,48.30804,-1595.749,3156.761
17.23472,0.8708445,1,-8.967909,1,0,1,48.36727,-1595.654,3156.613
17.47172,0.8786758,1,-7.811197,1,0,1,48.42603,-1595.559,3156.464
17.71114,0.8870719,1,-6.796375,1,0,1,48.48514,-1595.461,3156.312
17.91252,0.8943257,1,-5.820473,1,0,1,48.55037,-1595.351,3156.142
17.90532,0.9035682,1,-5.074068,1,0,1,48.60852,-1595.25,3155.987
17.89745,0.9091627,1,-4.425932,1,0,1,48.66636,-1595.148,3155.831
17.89145,0.9142192,1,-3.852735,1,0,1,48.72491,-1595.044,3155.671
17.88605,0.9172884,1,-3.363533,1,0,1,48.78223,-1594.939,3155.511
17.88169,0.9203542,1,-2.936639,1,0,1,48.83945,-1594.833,3155.35
17.87948,0.9234295,1,-2.564142,1,0,1,48.89655,-1594.725,3155.186
17.88004,0.9266964,1,-2.241728,1,0,1,48.95307,-1594.616,3155.021
17.88271,0.9301434,1,-1.959889,1,0,1,49.00951,-1594.506,3154.854
17.8873,0.9337549,1,-1.715702,1,0,1,49.06537,-1594.394,3154.687
17.89251,0.9374322,1,-1.50023,1,0,1,49.12159,-1594.281,3154.516
17.89783,0.9411336,1,-1.315203,1,0,1,49.17673,-1594.167,3154.346
17.90316,0.9449337,1,-1.151708,1,0,1,49.23224,-1594.051,3154.172
17.90865,0.9488686,1,-5.257174,1,0,1,49.28746,-1593.934,3153.997
17.91384,0.9530609,1,-9.238048,1,0,1,49.34849,-1593.804,3153.8
17.91802,0.9348555,1,-12.77629,0,0,0.1,49.41126,-1593.672,3153.595
17.67528,0.9186401,2,-15.48532,0,0,0.132366,49.46713,-1593.557,3153.412
17.41135,0.9010096,2,-18.0623,0,0,0.1675566,49.52785,-1593.435,3153.212
17.17346,0.8851184,2,-20.06902,0,0,0.1992756,49.58256,-1593.328,3153.031
16.90866,0.8674296,2,-22.02863,0,0,0.2345826,49.64344,-1593.213,3152.829
16.64471,0.8497983,2,-23.71471,0,0,0.2697748,49.70409,-1593.101,3152.626
16.40631,0.8338728,2,-25.02987,0,0,0.3015622,49.75885,-1593.003,3152.442
16.14306,0.8162881,2,-26.30294,0,0,0.3366614,49.81931,-1592.898,3152.239
15.89658,0.7998232,2,-27.33242,0,0,0.3695256,49.8759,-1592.802,3152.049
15.63174,0.7821316,2,-28.29726,0,0,0.4048382,49.93669,-1592.703,3151.843
15.37536,0.7650055,2,-29.10289,0,0,0.439022,49.99552,-1592.609,3151.644
15.10924,0.747229,2,-29.82777,0,0,0.474504,50.05658,-1592.515,3151.437
14.84307,0.7294485,2,-30.45246,0,0,0.509994,50.11765,-1592.425,3151.23
14.57443,0.7115034,2,-30.99553,0,0,0.5458125,50.17926,-1592.338,3151.02
14.32903,0.6951106,2,-26.99419,0,0,0.5785328,50.23552,-1592.263,3150.828
14.06655,0.6775771,2,-23.26341,1,0,0.6135296,50.29568,-1592.184,3150.62
13.79438,0.6593964,2,-19.93571,1,0,0.6498185,50.35784,-1592.104,3150.403
13.52847,0.6416331,2,-17.15546,1,0,0.6852741,50.41835,-1592.027,3150.188
13.80339,0.6307087,2,-14.6873,1,0,0.7219307,50.48066,-1591.948,3149.963
14.07101,0.6149652,2,-12.63533,1,0,0.7576134,50.54108,-1591.871,3149.741
14.31287,0.5983263,2,-10.8759,1,0,0.7932668,50.60119,-1591.796,3149.518
14.35472,0.5817095,2,-9.324169,1,0,0.8298886,50.66267,-1591.719,3149.286
14.39764,0.5671891,2,-7.973684,1,0,0.867168,50.72498,-1591.64,3149.047
14.58794,0.5521879,2,-6.764032,1,0,0.9063274,50.79012,-1591.559,3148.792
14.62393,0.5383365,2,-5.814286,1,0,0.9426842,50.85028,-1591.483,3148.554
14.67914,0.5252109,2,-5.00915,1,0,0.9786484,50.90952,-1591.409,3148.316
14.97215,0.5252678,2,-4.25807,1,0,1,50.97354,-1591.327,3148.053
15.16627,0.530004,2,-3.667549,1,0,1,51.03264,-1591.252,3147.806
15.31634,0.53578,2,-3.124062,1,0,1,51.09568,-1591.17,3147.538
15.47836,0.5476838,2,-2.64471,1,0,1,51.16082,-1591.085,3147.256
15.64811,0.5537018,2,-2.268585,1,0,1,51.22108,-1591.005,3146.99
15.80688,0.5599091,2,-1.957144,1,0,1,51.27913,-1590.927,3146.73
15.96096,0.5658642,2,-1.666692,1,0,1,51.34177,-1590.842,3146.444
16.12781,0.5720366,2,-1.426948,1,0,1,51.40236,-1590.758,3146.163
16.28988,0.5781713,2,-1.212696,1,0,1,51.46547,-1590.67,3145.865
16.45996,0.5836796,2,4.178876,1,0,1,51.52916,-1590.579,3145.559
16.63345,0.5888363,2,8.527048,1,0,1,51.58959,-1590.491,3145.265
16.80124,0.5933082,2,12.18062,1,0,1,51.64882,-1590.402,3144.974
16.96887,0.5973883,2,15.30412,1,0,1,51.70772,-1590.312,3144.68
17.1381,0.6015654,2,18.083,1,0,1,51.76861,-1590.216,3144.373
17.31522,0.6059681,2,20.51318,1,0,1,51.83086,-1590.116,3144.054
17.49781,0.6106961,2,17.43241,1,0,1,51.89312,-1590.013,3143.73
17.68125,0.617741,2,14.80897,1,0,1,51.95536,-1589.907,3143.401
17.86482,0.6248833,2,12.64361,1,0,1,52.01569,-1589.801,3143.076
18.16901,0.6381527,2,10.80173,1,0,1,52.07565,-1589.694,3142.746
18.49974,0.644905,2,9.099236,1,0,1,52.14036,-1589.576,3142.384
18.79897,0.6517649,2,7.808336,1,0,1,52.19845,-1589.468,3142.052
19.02729,0.6580494,2,6.595032,1,0,1,52.26193,-1589.347,3141.683
19.3585,0.6660425,2,5.568833,1,0,1,52.32533,-1589.225,3141.309
19.54767,0.6719927,2,4.707721,1,0,1,52.38816,-1589.101,3140.93
19.72155,0.6775438,2,4.044424,1,0,1,52.44527,-1588.986,3140.581
20.05717,0.6850696,2,-1.921062,1,0,1,52.50817,-1588.858,3140.189
20.17033,0.6895747,2,-6.915418,1,0,1,52.57039,-1588.731,3139.794
20.38507,0.6955006,2,-11.00574,1,0,1,52.63049,-1588.607,3139.408
20.6238,0.7044884,2,-14.51251,1,0,1,52.69094,-1588.483,3139.013
20.80287,0.7093177,2,-17.49371,1,0,1,52.7513,-1588.36,3138.614
20.98583,0.7141391,2,-19.98715,1,0,1,52.8106,-1588.239,3138.217
21.16903,0.7189801,2,-22.144,1,0,1,52.87072,-1588.118,3137.81
21.35746,0.7239143,2,-23.96605,1,0,1,52.93037,-1587.998,3137.401
21.54659,0.7287497,2,-20.09329,1,0,1,52.99454,-1587.87,3136.956
21.75141,0.7375252,2,-17.07842,1,0,1,53.05397,-1587.751,3136.537
21.94185,0.744298,2,-14.56557,1,0,1,53.11209,-1587.636,3136.121
22.1283,0.7511237,2,-12.51914,1,0,1,53.16745,-1587.526,3135.719
22.30532,0.7596369,2,-10.68983,1,0,1,53.22488,-1587.411,3135.295
22.48775,0.7663921,2,-9.130337,0,0,1,53.28205,-1587.297,3134.871
22.15697,0.7442962,2,-7.789429,0,0,1,53.33951,-1587.183,3134.444
21.8476,0.7236301,2,-6.718315,0,0,1,53.39321,-1587.078,3134.046
21.54059,0.7169906,2,-5.800585,0,0,1,53.44647,-1586.976,3133.651
21.20933,0.7146996,2,-4.944737,0,0,1,53.50391,-1586.868,3133.226
20.89849,0.712532,2,-4.259353,0,0,1,53.55778,-1586.768,3132.827
20.59208,0.7102385,2,-3.676728,0,0,1,53.61086,-1586.671,3132.435
20.30151,0.7083724,2,-3.19926,0,0,1,53.66118,-1586.581,3132.063
20.00564,0.7064215,2,-2.775795,0,0,1,53.71239,-1586.491,3131.685
19.87022,0.7085127,2,-2.405763,0,1,1,53.7639,-1586.402,3131.308
19.59738,0.6997463,2,-2.110031,0,1,1,53.81139,-1586.322,3130.967
19.32187,0.6918391,2,-1.846708,0,1,1,53.85957,-1586.242,3130.625
19.03877,0.6839811,2,-1.608646,0,1,1,53.90932,-1586.162,3130.278
18.76822,0.6758723,2,-1.409375,0,1,1,53.95712,-1586.087,3129.95
18.51048,0.668549,2,-1.242249,0,1,1,54.00284,-1586.016,3129.641
18.25791,0.6614398,2,-1.097203,0,1,1,54.04785,-1585.947,3129.341
18.00547,0.6547027,2,-0.9685921,0,1,1,54.09301,-1585.88,3129.044
17.76896,0.6493182,2,2.918397,0,1,1,54.13544,-1585.818,3128.768
17.51311,0.6444741,2,6.6718,0,1,1,54.18147,-1585.751,3128.471
17.28027,0.6289205,2,9.690926,0,1,0.1,54.22349,-1585.691,3128.204
17.04316,0.6130815,1,12.43956,0,1,0.1316148,54.26642,-1585.63,3127.935
16.80511,0.5971791,1,14.90036,0,1,0.163356,54.30967,-1585.57,3127.667
16.55758,0.5806443,1,17.17996,0,1,0.1963596,54.35479,-1585.508,3127.392
16.31903,0.5647092,1,19.12681,0,1,0.2281662,54.39844,-1585.448,3127.129
16.07494,0.5484037,1,20.89978,0,1,0.260712,54.44327,-1585.388,3126.863
15.83519,0.5323886,1,22.44461,0,1,0.2926784,54.48748,-1585.328,3126.605
15.59729,0.5164968,1,23.80707,0,1,0.3243986,54.53154,-1585.269,3126.352
15.36003,0.5006483,1,25.01493,0,1,0.3560324,54.57566,-1585.209,3126.103
15.12285,0.4848043,1,26.08809,0,1,0.387657,54.61995,-1585.148,3125.858
15.34624,0.4684331,1,27.07304,0,1,0.4203342,54.66589,-1585.085,3125.607
15.37674,0.4524286,1,27.9237,0,1,0.4522792,54.71095,-1585.022,3125.365
15.29571,0.4645787,1,28.67537,0,1,0.4841558,54.75605,-1584.96,3125.125
15.19915,0.480628,1,29.34428,0,1,0.5161904,54.80153,-1584.896,3124.888
15.06764,0.4965982,1,29.93296,0,1,0.548067,54.84693,-1584.833,3124.655
14.9252,0.5126145,1,30.45516,0,1,0.5800358,54.8926,-1584.77,3124.424
14.78003,0.5285775,1,30.91501,0,1,0.611898,54.93827,-1584.706,3124.196
14.6444,0.544489,1,31.31987,0,1,0.6436574,54.9839,-1584.642,3123.971
14.52051,0.5605429,1,31.68073,0,1,0.6757012,55.03007,-1584.577,3123.748
14.37112,0.5763612,1,31.99434,0,1,0.7072748,55.0757,-1584.513,3123.53
14.12984,0.5924783,1,32.27666,0,1,0.7394446,55.12233,-1584.447,3123.312
13.8927,0.608319,1,32.5211,0,1,0.7710628,55.16832,-1584.383,3123.1
13.65472,0.6242165,1,32.73766,0,1,0.8027942,55.21463,-1584.319,3122.891
13.40941,0.6406032,1,32.93446,0,1,0.8355022,55.26254,-1584.253,3122.678
13.17226,0.6564448,1,33.10141,0,1,0.8671222,55.309,-1584.189,3122.476
12.93327,0.6724095,1,33.24965,0,1,0.898988,55.35599,-1584.125,3122.275
12.69344,0.6884297,1,33.38052,0,1,0.9309644,55.40329,-1584.06,3122.076
12.45631,0.7042701,1,33.49422,0,1,0.962582,55.45022,-1583.997,3121.882
12.21811,0.7201816,1,33.59464,0,1,0.9943414,55.49748,-1583.934,3121.689
11.98094,0.7360247,1,33.68245,0,1,1,55.54467,-1583.871,3121.5
11.74376,0.7518687,1,33.75958,0,1,1,55.59197,-1583.809,3121.313
11.50634,0.7663185,1,33.82736,0,1,1,55.63944,-1583.747,3121.128
11.25633,0.7573301,1,33.88997,0,1,1,55.68956,-1583.682,3120.936
11.01997,0.7481183,1,33.94149,0,1,1,55.73705,-1583.622,3120.756
10.77787,0.7390733,1,33.98777,0,1,1,55.78582,-1583.56,3120.575
10.53773,0.7299131,1,34.02788,0,1,1,55.8343,-1583.5,3120.398
10.29951,0.720387,1,29.67774,0,1,1,55.88253,-1583.44,3120.224
10.05766,0.7112753,1,25.81429,0,1,1,55.93161,-1583.38,3120.051
9.819814,0.7016498,1,22.49862,0,1,1,55.98001,-1583.322,3119.882
9.584124,0.6917939,1,19.62572,0,1,1,56.02811,-1583.265,3119.718
9.340741,0.6819962,1,17.02951,0,1,1,56.0779,-1583.206,3119.551
9.052943,0.6718078,1,14.35672,0,1,1,56.13696,-1583.137,3119.356
8.866763,0.6600996,1,12.89345,0,1,1,56.17527,-1583.093,3119.232
8.628694,0.6523271,1,11.2088,0,1,1,56.22438,-1583.037,3119.075
8.385306,0.6423928,1,9.706704,0,1,1,56.27472,-1582.98,3118.918
8.14691,0.6327366,1,8.428591,0,1,1,56.32415,-1582.925,3118.767
7.905261,0.6232646,1,7.300187,0,1,1,56.37438,-1582.87,3118.615
7.667459,0.613664,1,6.33543,0,1,1,56.42393,-1582.817,3118.469
7.427556,0.6042265,1,5.488215,0,1,1,56.47405,-1582.763,3118.323
6.967196,0.5946383,1,4.075532,0,1,1,56.57048,-1582.661,3118.051
6.779561,0.5821043,1,3.64539,0,1,1,56.60997,-1582.621,3117.942
6.575071,0.5684445,1,3.225055,0,1,1,56.6531,-1582.577,3117.825
6.333129,0.559626,1,2.783879,0,1,1,56.70424,-1582.525,3117.69
6.098042,0.5494105,1,2.412643,0,1,1,56.75407,-1582.475,3117.561
5.856888,0.5394489,1,2.08157,0,1,1,56.80531,-1582.425,3117.431
5.618608,0.5291566,1,1.798415,0,1,1,56.85608,-1582.375,3117.306
5.380672,0.5199201,1,1.553412,0,1,1,56.9069,-1582.325,3117.183
5.143089,0.5107706,1,1.341486,0,1,1,56.95776,-1582.275,3117.063
5.380035,0.5016472,1,1.158436,0,1,1,57.00859,-1582.225,3116.947
5.618098,0.49251,1,0.9991601,0,1,0.98502,57.05978,-1582.175,3116.832
5.85423,0.4832993,1,0.8625023,0,1,0.9665985,57.11067,-1582.125,3116.72
6.091387,0.4732687,1,0.7436807,0,1,0.9465374,57.16189,-1582.075,3116.611
6.32946,0.4573655,1,0.640534,0,1,0.914731,57.21343,-1582.026,3116.505
6.567143,0.4414882,1,0.5515598,0,1,0.8829764,57.26502,-1581.977,3116.4
6.805721,0.4255512,1,0.4744357,0,1,0.8511024,57.31692,-1581.928,3116.298
7.046768,0.4094493,1,0.4072074,0,1,0.8188986,57.36948,-1581.88,3116.198
6.92021,0.3935983,1,0.3502206,0,1,0.7871967,57.42136,-1581.833,3116.102
6.741524,0.3771746,1,0.2992684,0,1,0.7543491,57.47527,-1581.785,3116.005
6.557819,0.3613477,1,0.2571621,0,1,0.7226954,57.52738,-1581.74,3115.915
6.397792,0.3455238,1,0.22086,0,1,0.6910475,57.57964,-1581.697,3115.828
6.258118,0.3295786,1,0.1893317,0,1,0.6591573,57.63247,-1581.653,3115.743
6.103869,0.313775,1,0.1624472,0,1,0.62755,57.68499,-1581.61,3115.662
5.937267,0.2977969,1,0.1390423,0,1,0.5955938,57.73825,-1581.568,3115.583
5.760109,0.2820169,1,0.119189,0,1,0.5640338,57.79102,-1581.528,3115.508
5.580018,0.2661389,1,0.1020095,0,1,0.5322778,57.84426,-1581.487,3115.435
5.407552,0.2503699,1,0.08735964,0,1,0.5007399,57.89729,-1581.448,3115.365
5.168626,0.2344097,1,0.07462294,0,1,0.4688194,57.95108,-1581.41,3115.297
4.932232,0.2186186,1,0.06382815,0,1,0.4372371,58.00443,-1581.373,3115.231
4.693496,0.202671,1,0.05447806,0,1,0.405342,58.05842,-1581.336,3115.167
4.457342,0.2,1,0.0465625,0,1,0.4,58.11194,-1581.301,3115.106
4.218944,0.2,1,0.03971462,0,1,0.4,58.16607,-1581.267,3115.047
3.982061,0.2,1,0.03389545,0,1,0.4,58.21997,-1581.233,3114.99
3.743734,0.2,1,0.02888541,0,1,0.4,58.27432,-1581.201,3114.934
3.507055,0.2,1,0.02463416,0,1,0.4,58.3284,-1581.169,3114.881
3.267932,0.2,1,0.02096151,0,1,0.4,58.38314,-1581.139,3114.83
3.032411,0.2,1,0.01787516,0,1,0.4,58.43718,-1581.11,3114.781
2.793351,0.2,1,0.01519658,0,1,0.4,58.49214,-1581.082,3114.735
2.556944,0.2,1,0.01293848,0,1,0.4,58.5466,-1581.055,3114.69
2.318397,0.2,1,0.01099322,0,1,0.4,58.60168,-1581.028,3114.648
2.080571,0.2,1,0.009340819,0,1,0.4,58.65672,-1581.004,3114.608
1.844907,0.2,1,0.007945661,0,1,0.4,58.71137,-1580.98,3114.57
1.606299,0.2,1,0.006740694,0,1,0.4,58.76683,-1580.958,3114.534
1.369275,0.2,1,0.005722351,0,1,0.4,58.82205,-1580.937,3114.501
1.13175,0.2,1,0.004853561,0,1,0.4,58.87752,-1580.917,3114.47
0.8943031,0.2,1,0.004114809,0,1,0.4,58.93309,-1580.898,3114.441
0.6575956,0.2,1,0.003488661,0,1,0.4,58.98862,-1580.88,3114.415
0.4199926,0.2,1,0.002954259,0,1,0.4,59.04449,-1580.864,3114.391
0.1824225,0.2,1,0.00250053,0,1,0.4,59.10048,-1580.849,3114.369
0,0.2,1,0.002107614,0,1,0.4,59.15772,-1580.836,3114.35
0,0.2,1,0.001785043,0,1,0.4,59.21346,-1580.825,3114.333
0,0.2,1,0.00150883,0,1,0.4,59.26978,-1580.816,3114.318
0,0.2,1,0.001271657,0,1,0.4,59.32696,-1580.808,3114.305
0,0.2,1,0.001075259,0,0,0.1,59.38312,-1580.802,3114.294
0.03841525,0.2,1,0.0009072389,0,0,0.1,59.43989,-1580.798,3114.285
0.2751558,0.2,1,0.000765636,0,0,0.1,59.49656,-1580.795,3114.278
0.5135328,0.2,1,0.0006449985,0,0,0.1,59.55373,-1580.793,3114.272
0.6172552,0.2,1,0.0005441491,0,0,0.1,59.61042,-1580.792,3114.268
0.5087664,0.2,1,0.0004581388,0,0,0.1,59.66769,-1580.791,3114.266
0.4081418,0.2,1,0.00038554,0,0,0.1,59.72506,-1580.791,3114.264
0.3341923,0.2,1,0.0003216134,0,0,0.1,59.78502,-1580.791,3114.262
0.280695,0.2,1,0.0002708053,0,0,0.1,59.84207,-1580.791,3114.261
0.2390632,0.2,1,0.0002277129,0,0,0.1,59.89947,-1580.791,3114.261
0.2085546,0.2,1,0.0001917614,0,0,0.1,59.95635,-1580.791,3114.26
0.1832428,0.2,1,0.0001614312,0,0,0.1,60.01326,-1580.791,3114.26
0.1619981,0.2,1,0.0001358132,0,0,0.1,60.07028,-1580.791,3114.26
0.1434169,0.2,1,0.0001144024,0,0,0.1,60.12686,-1580.792,3114.26
0.1257717,0.2,1,9.625833E-05,0,0,0.1,60.18369,-1580.792,3114.26
0.1072381,0.2,1,8.104047E-05,0,0,0.1,60.24026,-1580.792,3114.26
0.1032008,0.2,1,6.820836E-05,0,0,0.1,60.29684,-1580.793,3114.26
0.1003956,0.2,1,5.739652E-05,0,0,0.1,60.3534,-1580.793,3114.26
0.09619562,0.2,1,4.832299E-05,0,0,0.1,60.40974,-1580.794,3114.26
0.09245193,0.2,1,4.066843E-05,0,0,0.1,60.46611,-1580.794,3114.26
0.08894966,0.2,1,3.422802E-05,0,0,0.1,60.5224,-1580.794,3114.26
0.08551928,0.2,1,2.881691E-05,0,0,0.1,60.57851,-1580.794,3114.26
0.08240097,0.2,1,2.424341E-05,0,0,0.1,60.63478,-1580.794,3114.26
0.07940678,0.2,1,2.042119E-05,0,0,0.1,60.6906,-1580.794,3114.261
0.07570873,0.2,1,1.718554E-05,0,0,0.1,60.74662,-1580.794,3114.261
0.07250051,0.2,1,1.44546E-05,0,0,0.1,60.80273,-1580.795,3114.261
0.06982752,0.2,1,1.21758E-05,0,0,0.1,60.85833,-1580.794,3114.261
0.06698756,0.2,1,1.024607E-05,0,0,0.1,60.91415,-1580.794,3114.262
0.0642807,0.2,1,8.621517E-06,0,0,0.1,60.96991,-1580.794,3114.262
0.05994863,0.2,1,7.254869E-06,0,0,0.1,61.0256,-1580.793,3114.262
0.05150915,0.2,1,6.10902E-06,0,0,0.1,61.08101,-1580.793,3114.262
0.04389099,0.2,1,5.139684E-06,0,0,0.1,61.13661,-1580.792,3114.262
0.04658642,0.2,1,4.323143E-06,0,0,0.1,61.1922,-1580.792,3114.262
0.04613875,0.2,1,3.641858E-06,0,0,0.1,61.24726,-1580.791,3114.262
0.04454562,0.2,1,3.065447E-06,0,0,0.1,61.30249,-1580.79,3114.262
0.04238138,0.2,1,2.580164E-06,0,0,0.1,61.35766,-1580.79,3114.262
0.03996873,0.2,1,2.172123E-06,0,0,0.1,61.4127,-1580.79,3114.262
0.03754888,0.2,1,1.827286E-06,0,0,0.1,61.46788,-1580.789,3114.262
0.03535148,0.2,1,1.538479E-06,0,0,0.1,61.52274,-1580.789,3114.262
0.03314317,0.2,1,1.294901E-06,0,0,0.1,61.57763,-1580.789,3114.262
0.03105991,0.2,1,1.089146E-06,0,0,0.1,61.63263,-1580.788,3114.262
0.02915279,0.2,1,9.171769E-07,0,0,0.1,61.68722,-1580.788,3114.261
0.02732004,0.2,1,7.723008E-07,0,0,0.1,61.74176,-1580.788,3114.261
0.02574275,0.2,1,6.500322E-07,0,0,0.1,61.79635,-1580.788,3114.261
0.02462936,0.2,1,5.469616E-07,0,0,0.1,61.85095,-1580.788,3114.261
0.02376294,0.2,1,4.604092E-07,0,0,0.1,61.90537,-1580.788,3114.26
0.02289961,0.2,1,3.875984E-07,0,0,0.1,61.95969,-1580.788,3114.26
0.0218826,0.2,1,3.261632E-07,0,0,0.1,62.01405,-1580.788,3114.26
0.0209015,0.2,1,2.744991E-07,0,0,0.1,62.06831,-1580.788,3114.26
0.02013959,0.2,1,2.310064E-07,0,0,0.1,62.12251,-1580.788,3114.26
0.01917419,0.2,1,1.944644E-07,0,0,0.1,62.17654,-1580.788,3114.259
0.01812984,0.2,1,1.637034E-07,0,0,0.1,62.23051,-1580.788,3114.259
0.01763733,0.2,1,1.376066E-07,0,0,0.1,62.28482,-1580.788,3114.259
0.01679273,0.2,1,1.158228E-07,0,0,0.1,62.33869,-1580.788,3114.259
0.01546035,0.2,1,9.761904E-08,0,0,0.1,62.3921,-1580.788,3114.259
0,0.2,1,8.212035E-08,0,0,0.1,62.44598,-1580.788,3114.259
0,0.2,1,6.912094E-08,0,0,0.1,62.49963,-1580.788,3114.259
0,0.2,1,5.81661E-08,0,0,0.1,62.55327,-1580.788,3114.259
0,0.2,1,4.894643E-08,0,0,0.1,62.60685,-1580.788,3114.259
0,0.2,1,4.120785E-08,0,0,0.1,62.66022,-1580.788,3114.259
0,0.2,1,3.467241E-08,0,0,0.1,62.71369,-1580.788,3114.259
0,0.2,1,2.919961E-08,0,0,0.1,62.76683,-1580.788,3114.259
0,0.2,1,2.4588E-08,0,0,0.1,62.81993,-1580.788,3114.259
0,0.2,1,2.069518E-08,0,0,0.1,62.8731,-1580.788,3114.259
0,0.2,1,1.740508E-08,0,0,0.1,62.92641,-1580.788,3114.259
0,0.2,1,1.464831E-08,0,0,0.1,62.97945,-1580.788,3114.259
0,0.2,1,1.233176E-08,0,0,0.1,63.03234,-1580.788,3114.259
0,0.2,1,1.037966E-08,0,0,0.1,63.08521,-1580.788,3114.259
0,0.2,1,8.732873E-09,0,0,0.1,63.13813,-1580.788,3114.259
0,0.2,1,7.277478E-09,0,0,0.1,63.19365,-1580.788,3114.259
0,0.2,1,6.127542E-09,0,0,0.1,63.24622,-1580.788,3114.259
0,0.2,1,5.15876E-09,0,0,0.1,63.29874,-1580.788,3114.259
0,0.2,1,4.34023E-09,0,0,0.1,63.35138,-1580.788,3114.259
0,0.2,1,3.650962E-09,0,0,0.1,63.40399,-1580.788,3114.259
0,0.2,1,3.076286E-09,0,0,0.1,63.45607,-1580.788,3114.259
0,0.2,1,2.589307E-09,0,0,0.1,63.50838,-1580.788,3114.259
0,0.2,1,2.161178E-09,0,0,0.1,63.56294,-1580.788,3114.259
0,0.2,1,1.834406E-09,0,0,0.1,63.61277,-1580.788,3114.259
0,0.2,1,1.542869E-09,0,0,0.1,63.66507,-1580.788,3114.259
0,0.2,1,1.299528E-09,0,0,0.1,63.71691,-1580.788,3114.259
0,0.2,1,1.093064E-09,0,0,0.1,63.76906,-1580.788,3114.259
0,0.2,1,9.201457E-10,0,0,0.1,63.82092,-1580.788,3114.259
0,0.2,1,7.746099E-10,0,0,0.1,63.8727,-1580.788,3114.259
0,0.2,1,6.520348E-10,0,0,0.1,63.92443,-1580.788,3114.259
0,0.2,1,5.487603E-10,0,0,0.1,63.97615,-1580.788,3114.259
0,0.2,1,4.617714E-10,0,0,0.1,64.02784,-1580.788,3114.259
0,0.2,1,3.88618E-10,0,0,0.1,64.07943,-1580.788,3114.259
0,0.2,1,3.270621E-10,0,0,0.1,64.13094,-1580.788,3114.259
0,0.2,1,2.753121E-10,0,0,0.1,64.18232,-1580.788,3114.259
0,0.2,1,2.317015E-10,0,0,0.1,64.2337,-1580.788,3114.259
0,0.2158672,1,1.950104E-10,1,0,0.131671,64.28499,-1580.788,3114.258
0,0.2317459,1,1.641136E-10,1,0,0.163365,64.33624,-1580.787,3114.257
0.01977808,0.2475742,1,1.382164E-10,1,0,0.1949584,64.38719,-1580.786,3114.256
0.07486433,0.2634448,1,1.163602E-10,1,0,0.2266364,64.43817,-1580.785,3114.254
0.1120413,0.2792237,1,9.807936E-11,1,0,0.2581312,64.48874,-1580.784,3114.251
0.1568109,0.2950887,1,8.259977E-11,1,0,0.2897978,64.53945,-1580.782,3114.248
0.2124162,0.3109509,1,6.957943E-11,1,0,0.3214588,64.59001,-1580.78,3114.243
0.2824021,0.3268499,1,5.860035E-11,1,0,0.3531934,64.64053,-1580.777,3114.237
0.3672249,0.3426825,1,4.940673E-11,1,0,0.3847954,64.69064,-1580.773,3114.229
0.4702229,0.3585785,1,4.163896E-11,1,0,0.416524,64.74076,-1580.768,3114.22
0.5926712,0.374481,1,3.510443E-11,1,0,0.4482654,64.79066,-1580.762,3114.208
0.7258126,0.3903332,1,2.962608E-11,1,0,0.4799066,64.84017,-1580.755,3114.195
0.8848232,0.4062252,1,2.500187E-11,1,0,0.5116272,64.88956,-1580.748,3114.179
1.031243,0.4221746,1,2.109524E-11,1,0,0.5434622,64.93889,-1580.739,3114.161
1.191027,0.4379718,1,1.783897E-11,1,0,0.5749936,64.98749,-1580.729,3114.141
1.352239,0.4424178,1,1.50799E-11,1,0,0.6066712,65.03606,-1580.718,3114.119
1.516539,0.4265904,1,1.276022E-11,1,0,0.6382628,65.08423,-1580.705,3114.095
1.686628,0.410518,1,1.077242E-11,1,0,0.6703436,65.13289,-1580.692,3114.068
1.858213,0.3948212,1,9.138095E-12,1,0,0.7016745,65.18015,-1580.677,3114.039
2.034589,0.3789761,1,7.742444E-12,1,0,0.7333015,65.22761,-1580.661,3114.008
2.205579,0.3629995,1,6.553462E-12,1,0,0.7259991,65.27519,-1580.644,3113.974
2.387633,0.3502301,1,5.562496E-12,1,0,0.7004601,65.32191,-1580.626,3113.938
2.565692,0.3660844,1,4.719503E-12,1,0,0.7321056,65.36861,-1580.607,3113.901
2.737868,0.3604044,1,3.999173E-12,1,0,0.7208087,65.41551,-1580.587,3113.86
2.910802,0.3761139,1,3.40194E-12,1,0,0.7521651,65.46128,-1580.565,3113.818
3.084574,0.3602631,1,2.890718E-12,1,0,0.7205262,65.50721,-1580.543,3113.773
3.254622,0.3762403,1,2.454052E-12,1,0,0.7524167,65.55325,-1580.519,3113.726
3.425372,0.3754244,1,2.089659E-12,1,0,0.7508489,65.59837,-1580.495,3113.677
3.596425,0.3842722,1,1.776642E-12,1,0,0.7685444,65.64378,-1580.469,3113.626
3.766839,0.3784456,1,1.512339E-12,1,0,0.7568913,65.68874,-1580.442,3113.573
3.936813,0.3943594,1,-5.105457,1,0,0.7886553,65.73361,-1580.415,3113.517
4.097285,0.378852,1,-9.388597,1,0,0.7577039,65.77771,-1580.388,3113.459
4.237589,0.394815,1,-13.08999,1,0,0.7895663,65.82227,-1580.361,3113.399
4.466323,0.3932041,1,-16.19786,1,0,0.7864082,65.86609,-1580.334,3113.337
4.705678,0.4032421,1,-18.88084,1,0,0.8064842,65.91032,-1580.307,3113.272
4.941101,0.3982149,1,-21.12439,1,0,0.7964299,65.95364,-1580.281,3113.206
5.179826,0.4141618,1,-23.06499,1,0,0.8282599,65.99738,-1580.256,3113.138
5.416276,0.4018064,1,-24.70119,1,0,0.8036128,66.04054,-1580.231,3113.068
5.655569,0.4177912,1,-26.11359,1,0,0.8355186,66.08405,-1580.206,3112.995
5.891746,0.4167737,1,-22.3273,1,0,0.8335474,66.12684,-1580.182,3112.922
6.130118,0.430664,1,-19.06619,1,0,0.8613281,66.16983,-1580.159,3112.845
6.366326,0.4256884,1,-16.31291,1,0,0.8513767,66.21223,-1580.135,3112.767
6.60545,0.4416618,1,-13.93413,1,0,0.8832599,66.25491,-1580.111,3112.686
6.842768,0.4373557,1,-11.92314,1,0,0.8747114,66.29704,-1580.087,3112.603
7.080371,0.4532276,1,-10.20528,1,0,0.9063918,66.33897,-1580.061,3112.518
7.316786,0.4485287,1,-8.746593,1,0,0.8970574,66.38043,-1580.035,3112.43
7.555164,0.4644524,1,-7.489788,1,0,0.9288412,66.42198,-1580.007,3112.34
7.791953,0.4599127,1,-6.423986,1,0,0.9198254,66.46299,-1579.979,3112.248
8.030133,0.4758232,1,-5.507247,1,0,0.9515828,66.50398,-1579.949,3112.153
8.266821,0.4712125,1,-4.728621,1,0,0.942425,66.54446,-1579.919,3112.056
8.505609,0.4871635,1,-4.056166,1,0,0.9742634,66.58504,-1579.887,3111.957
8.74294,0.4859527,1,-3.484579,1,0,0.9719054,66.62513,-1579.854,3111.855
8.980612,0.4976466,1,-2.994289,1,0,0.9952932,66.66502,-1579.82,3111.752
9.217894,0.5091718,1,-2.574911,1,0,1,66.7046,-1579.785,3111.646
9.455291,0.520539,1,-2.215145,1,0,1,66.74395,-1579.749,3111.539
9.693552,0.5317633,1,-1.905417,1,0,1,66.7832,-1579.712,3111.428
9.930367,0.542833,1,-1.641373,1,0,1,66.82198,-1579.674,3111.316
10.16765,0.5538175,1,-1.41411,1,0,1,66.8606,-1579.636,3111.202
10.40535,0.5647689,1,-1.218533,1,0,1,66.89905,-1579.596,3111.085
10.64255,0.5758171,1,-1.050825,1,0,1,66.93719,-1579.556,3110.966
10.88073,0.5869694,1,-0.9060159,1,0,1,66.97527,-1579.515,3110.845
11.11811,0.5981973,1,-0.7819336,1,0,1,67.01298,-1579.473,3110.722
11.35522,0.6095068,1,-0.6752688,1,0,1,67.05042,-1579.43,3110.596
11.59417,0.6209046,1,-0.5827026,1,0,1,67.08792,-1579.386,3110.468
11.88327,0.632445,1,-0.486339,1,0,1,67.13301,-1579.333,3110.31
12.0712,0.6449988,1,-0.4342384,1,0,1,67.1621,-1579.297,3110.205
12.30931,0.6566912,1,-0.3754331,1,0,1,67.19878,-1579.252,3110.07
12.5464,0.6673874,1,-0.3249547,1,0,1,67.23508,-1579.205,3109.934
12.79244,0.6790506,1,-0.2797457,1,0,1,67.2725,-1579.157,3109.79
13.0289,0.6912121,1,-0.2424524,1,0,1,67.30824,-1579.11,3109.649
13.26632,0.7029036,1,4.367781,1,0,1,67.34389,-1579.062,3109.505
13.50378,0.7138802,1,8.351858,1,0,1,67.37932,-1579.012,3109.36
13.8021,0.7244881,1,12.67933,1,0,1,67.42357,-1578.948,3109.175
14.00338,0.7379335,1,15.10462,1,0,1,67.45321,-1578.903,3109.049
14.22614,0.7467503,1,17.48294,1,0,1,67.48586,-1578.853,3108.908
14.46369,0.7559549,1,19.70019,1,0,1,67.52052,-1578.797,3108.757
14.70154,0.7659289,1,21.62336,1,0,1,67.55505,-1578.74,3108.604
14.93884,0.7762102,1,23.28581,1,0,1,67.58931,-1578.681,3108.451
15.17663,0.7862378,1,20.232,1,0,1,67.62347,-1578.62,3108.296
15.41362,0.8003908,1,17.59372,1,0,1,67.65734,-1578.558,3108.14
15.65178,0.8137549,1,15.29381,1,0,1,67.69118,-1578.494,3107.981
15.88851,0.8280393,1,13.31196,1,0,1,67.72462,-1578.429,3107.822
16.12624,0.8407742,1,11.58481,1,0,1,67.75796,-1578.362,3107.659
16.36349,0.8534915,1,10.08948,1,0,1,67.791,-1578.295,3107.495
16.60126,0.8661751,1,8.788361,1,0,1,67.82388,-1578.226,3107.329
16.84157,0.8782895,1,7.646576,1,0,1,67.85686,-1578.156,3107.158
17.07594,0.8903494,1,6.680838,1,0,1,67.8888,-1578.086,3106.99
17.31395,0.9020388,1,5.826761,1,0,1,67.92099,-1578.014,3106.817
17.55009,0.9135377,1,5.089892,1,0,1,67.95271,-1577.943,3106.643
17.78815,0.9225655,1,4.442972,1,0,1,67.98446,-1577.87,3106.465
17.87844,0.9269936,1,-0.4670511,1,0,1,68.01599,-1577.797,3106.284
17.87405,0.9306541,1,-4.73385,1,0,1,68.04723,-1577.725,3106.102
17.87052,0.933415,1,-8.444254,1,0,1,68.07821,-1577.653,3105.918
17.87288,0.9357721,1,-11.67926,1,0,1,68.10898,-1577.581,3105.732
17.87831,0.9378677,1,-14.51727,1,0,1,68.13973,-1577.51,3105.542
17.88394,0.9399291,1,-16.99777,1,0,1,68.17036,-1577.439,3105.351
17.88875,0.9421147,1,-19.15292,1,0,1,68.20071,-1577.369,3105.158
17.89369,0.9442049,1,-21.03598,1,0,1,68.2309,-1577.3,3104.963
17.89804,0.9459358,1,-22.68066,1,0,1,68.26091,-1577.231,3104.767
17.90163,0.9486416,1,-24.11857,1,0,1,68.29077,-1577.163,3104.569
17.90477,0.9514325,1,-25.37579,1,0,1,68.32049,-1577.095,3104.368
17.90754,0.9545121,1,-26.47597,1,0,1,68.35006,-1577.027,3104.167
17.90962,0.9386457,1,-27.43855,0,0,0.1,68.37948,-1576.959,3103.966
17.67146,0.9227365,2,-28.28571,0,0,0.131755,68.40899,-1576.891,3103.766
17.43514,0.9069502,2,-29.02315,0,0,0.1632644,68.43828,-1576.824,3103.567
17.19638,0.8910011,2,-29.67737,0,0,0.195099,68.46786,-1576.756,3103.367
16.96021,0.8752245,2,-30.24475,0,0,0.2265892,68.49714,-1576.69,3103.17
16.72274,0.8593621,2,-30.74559,0,0,0.2582508,68.52658,-1576.624,3102.972
16.48413,0.8434229,2,-31.18707,0,0,0.2900654,68.55617,-1576.558,3102.774
16.24793,0.8276445,2,-31.57013,0,0,0.3215594,68.58546,-1576.494,3102.579
16.01038,0.8117764,2,-31.90825,0,0,0.3532322,68.61494,-1576.43,3102.382
15.77301,0.7959197,2,-32.20452,0,0,0.3848824,68.64439,-1576.368,3102.186
15.53529,0.78004,2,-32.4647,0,0,0.4165784,68.6739,-1576.307,3101.99
15.29741,0.7641497,2,-32.69292,0,0,0.4482956,68.70344,-1576.247,3101.794
15.05998,0.7482897,2,-32.89257,0,0,0.4799522,68.73293,-1576.188,3101.599
14.82269,0.7324383,2,-33.06747,0,0,0.5115918,68.76241,-1576.132,3101.404
14.58417,0.7165052,2,-28.93309,0,0,0.5433944,68.79206,-1576.077,3101.209
14.3469,0.7006555,2,-25.33118,0,0,0.5750304,68.82157,-1576.024,3101.014
14.10925,0.684781,2,-22.16976,0,0,0.6067162,68.85114,-1575.972,3100.82
13.87229,0.6689516,2,-19.40826,0,0,0.6383117,68.88065,-1575.923,3100.626
13.63524,0.6531171,2,-16.98789,0,0,0.6699175,68.91016,-1575.875,3100.433
13.39665,0.6371788,2,-14.85384,0,0,0.7017305,68.93988,-1575.828,3100.238
13.19653,0.6213406,2,-12.99827,0,0,0.7333437,68.96941,-1575.782,3100.045
13.17531,0.6054832,2,-11.37145,0,0,0.7649951,68.99897,-1575.737,3099.852
13.13484,0.5895266,2,-9.938388,0,0,0.7968447,69.02872,-1575.693,3099.658
13.07226,0.5737416,2,-8.698571,0,0,0.8283517,69.05815,-1575.651,3099.466
13.02278,0.5578851,2,-7.60778,0,0,0.8600016,69.08772,-1575.609,3099.274
12.96101,0.5418682,2,-6.643473,0,0,0.8919713,69.11759,-1575.567,3099.081
12.89717,0.5260084,2,-5.809073,0,0,0.9236276,69.14717,-1575.527,3098.889
12.83349,0.5100836,2,-5.075964,0,0,0.9554138,69.17688,-1575.487,3098.697
12.76706,0.4942667,2,-4.439278,0,0,0.9869844,69.20638,-1575.449,3098.507
12.69319,0.4784069,2,-3.880558,0,0,1,69.23597,-1575.411,3098.316
12.61865,0.462506,2,-3.390554,0,0,1,69.26564,-1575.375,3098.125
12.54355,0.4466484,2,-2.9633,0,0,1,69.29523,-1575.339,3097.935
12.46935,0.4308226,2,-2.590377,0,1,0.1,69.32475,-1575.305,3097.749
12.23096,0.4148986,1,-2.261135,0,1,0.1317844,69.35465,-1575.271,3097.563
11.99388,0.3990614,1,-1.974205,0,1,0.1633956,69.38457,-1575.238,3097.382
11.75646,0.383202,1,-1.72236,0,1,0.195051,69.41472,-1575.206,3097.203
11.51892,0.3673339,1,-1.501693,0,1,0.2267238,69.44508,-1575.175,3097.027
11.28149,0.3514737,1,-1.308684,0,1,0.2583808,69.47559,-1575.145,3096.853
11.04383,0.3355978,1,-1.139687,0,1,0.2900694,69.50632,-1575.115,3096.682
10.80617,0.3197224,1,-0.991981,0,1,0.3217568,69.53723,-1575.085,3096.514
10.56738,0.3037711,1,-0.8623351,0,1,0.3535956,69.56847,-1575.057,3096.348
10.32861,0.2878217,1,-0.7492339,0,1,0.3854308,69.59988,-1575.029,3096.185
10.09204,0.2720186,1,-0.6515142,0,1,0.416974,69.63117,-1575.001,3096.026
9.853497,0.2815455,1,-0.5655377,0,1,0.4487799,69.6629,-1574.974,3095.869
9.61787,0.2959093,1,-0.4915516,0,1,0.4801967,69.69443,-1574.948,3095.716
9.380777,0.3102231,1,-0.426632,0,1,0.5118091,69.7263,-1574.922,3095.564
9.201266,0.3235767,1,-0.3699382,0,1,0.543506,69.75844,-1574.896,3095.415
9.00695,0.3362195,1,-0.320608,0,1,0.575202,69.79074,-1574.872,3095.269
8.811594,0.3484789,1,-0.2778223,0,1,0.6068187,69.82313,-1574.847,3095.125
8.627099,0.3600176,1,-0.2404671,0,1,0.6385667,69.85582,-1574.823,3094.984
8.389915,0.3707013,1,-0.2081505,0,1,0.6701913,69.88855,-1574.8,3094.846
8.152798,0.3805694,1,-0.1800881,0,1,0.7018069,69.92145,-1574.777,3094.71
7.914848,0.3898635,1,-0.1556403,0,1,0.7335335,69.95463,-1574.754,3094.577
7.670332,0.3987784,1,-0.1338528,0,1,0.7661357,69.9889,-1574.732,3094.444
7.430866,0.4063354,1,-0.1154366,0,1,0.7980645,70.02265,-1574.71,3094.316
7.189205,0.413457,1,-0.09935226,0,1,0.8269141,70.05689,-1574.689,3094.189
6.949728,0.4179544,1,-0.08558547,0,1,0.8359087,70.091,-1574.668,3094.067
6.714252,0.4123135,1,-0.07388344,0,1,0.824627,70.12473,-1574.648,3093.95
6.476674,0.3975925,1,-0.06365603,0,1,0.795185,70.15893,-1574.629,3093.834
6.239573,0.3817542,1,-0.05483161,0,1,0.7635084,70.19324,-1574.61,3093.721
6.00141,0.3658449,1,-0.04717005,0,1,0.7316899,70.22788,-1574.591,3093.611
5.76452,0.3500206,1,-0.04059153,0,1,0.7000413,70.26251,-1574.573,3093.505
5.526488,0.3341201,1,-0.03488366,0,1,0.6682402,70.29749,-1574.555,3093.4
5.289356,0.3182797,1,-0.02998012,0,1,0.6365594,70.33252,-1574.538,3093.299
5.05199,0.3024236,1,-0.02574719,0,1,0.6048473,70.36775,-1574.522,3093.201
4.812257,0.2864095,1,-0.02206306,0,1,0.5728189,70.40353,-1574.505,3093.104
4.573946,0.2704903,1,-0.01891396,0,1,0.5409806,70.43926,-1574.49,3093.011
4.335261,0.2545462,1,-0.01620086,0,1,0.5090923,70.47523,-1574.475,3092.921
4.095336,0.2385192,1,-0.0138569,0,1,0.4770384,70.51157,-1574.46,3092.833
3.858162,0.2226759,1,-0.01186831,0,1,0.4453519,70.54768,-1574.446,3092.749
3.616892,0.2065591,1,-0.01012989,0,1,0.4131182,70.58458,-1574.433,3092.666
3.377508,0.2,1,-0.008652706,0,1,0.4,70.62137,-1574.42,3092.587
3.140232,0.2,1,-0.007397876,0,1,0.4,70.65801,-1574.407,3092.512
2.898653,0.2,1,-0.006301969,0,1,0.4,70.6955,-1574.395,3092.438
2.662151,0.2,1,-0.005384981,0,1,0.4,70.73237,-1574.384,3092.369
2.423754,0.2,1,-0.004592576,0,1,0.4,70.76971,-1574.373,3092.302
2.181304,0.2,1,-0.003903038,0,1,0.4,70.80786,-1574.363,3092.236
1.943608,0.2,1,-0.003326622,0,1,0.4,70.84544,-1574.353,3092.175
1.706093,0.2,1,-0.002834124,0,1,0.4,70.88316,-1574.343,3092.116
1.467116,0.2,1,-0.002410599,0,1,0.4,70.92127,-1574.335,3092.061
1.230452,0.2,1,-0.002052702,0,1,0.4,70.9592,-1574.326,3092.008
0.9925146,0.2,1,-0.001745327,0,1,0.4,70.9975,-1574.318,3091.958
0.7561041,0.2,1,-0.001484829,0,1,0.4,71.03572,-1574.311,3091.911
0.5178561,0.2,1,-0.001260784,0,1,0.4,71.07441,-1574.304,3091.867
0.2799711,0.2,1,-0.001070233,0,1,0.4,71.1132,-1574.298,3091.825
0.04153405,0.2,1,-0.0009075937,0,1,0.4,71.15226,-1574.293,3091.786
0,0.2,1,-0.0007704542,0,1,0.4,71.19114,-1574.287,3091.751
0,0.2,1,-0.0006534282,0,1,0.4,71.23028,-1574.283,3091.718
0,0.2,1,-0.0005537486,0,1,0.4,71.26963,-1574.279,3091.688
0,0.2,1,-0.000469106,0,1,0.4,71.3091,-1574.275,3091.66
0,0.2,1,-0.0003967447,0,1,0.4,71.34898,-1574.272,3091.636
0,0.2,1,-0.0003351445,0,1,0.4,71.38917,-1574.269,3091.614
0,0.2,1,-0.0002833198,0,1,0.4,71.42924,-1574.267,3091.595
0,0.2,1,-0.0002395063,0,1,0.4,71.46935,-1574.265,3091.579
0,0.2,1,-0.0002023728,0,1,0.4,71.50962,-1574.264,3091.566
0,0.2,1,-0.0001708568,0,0,0.1,71.5501,-1574.264,3091.555
0,0.2,1,-0.0001440735,0,0,0.1,71.59087,-1574.267,3091.546
0.237159,0.2,1,-0.0001215067,0,0,0.1,71.63164,-1574.27,3091.54
0.4756635,0.2,1,-0.0001023174,0,0,0.1,71.67278,-1574.275,3091.535
0.4478152,0.2,1,-8.629054E-05,0,0,0.1,71.71359,-1574.28,3091.532
0.3345178,0.2,1,-7.267023E-05,0,0,0.1,71.75473,-1574.285,3091.531
0.2324931,0.2,1,-6.116182E-05,0,0,0.1,71.79598,-1574.29,3091.53
0.1571252,0.2,1,-5.147513E-05,0,0,0.1,71.8372,-1574.295,3091.53
0.1056525,0.2,1,-4.32959E-05,0,0,0.1,71.87852,-1574.299,3091.529
0.07582068,0.2,1,-3.641903E-05,0,0,0.1,71.91977,-1574.304,3091.529
0.06129866,0.2,1,-3.064768E-05,0,0,0.1,71.96086,-1574.308,3091.529
0.05492007,0.2,1,-2.579903E-05,0,0,0.1,72.00182,-1574.312,3091.529
0.05533015,0.2,1,-2.176006E-05,0,0,0.1,72.04229,-1574.316,3091.529
0.05525103,0.2,1,-1.831187E-05,0,0,0.1,72.0832,-1574.319,3091.529
0.05455457,0.2,1,-1.541444E-05,0,0,0.1,72.12399,-1574.323,3091.529
0.05286274,0.2,1,-1.296778E-05,0,0,0.1,72.16486,-1574.326,3091.529
0.05127957,0.2,1,-1.090836E-05,0,0,0.1,72.2057,-1574.329,3091.529
0.04951545,0.2,1,-9.187728E-06,0,0,0.1,72.24622,-1574.332,3091.529
0.04775753,0.2,1,-7.733109E-06,0,0,0.1,72.28683,-1574.334,3091.529
0.04650848,0.2,1,-6.508756E-06,0,0,0.1,72.32739,-1574.336,3091.529
0.04468763,0.2,1,-5.475797E-06,0,0,0.1,72.368,-1574.338,3091.529
0.0428909,0.2,1,-4.605725E-06,0,0,0.1,72.4086,-1574.34,3091.529
0.04253791,0.2,1,-3.870362E-06,0,0,0.1,72.44934,-1574.342,3091.529
0.04020962,0.2,1,-3.25636E-06,0,0,0.1,72.48978,-1574.344,3091.529
0.03944613,0.2,1,-2.742392E-06,0,0,0.1,72.52995,-1574.345,3091.529
0.03830938,0.2,1,-2.308732E-06,0,0,0.1,72.57014,-1574.346,3091.529
0.03696648,0.2,1,-1.943398E-06,0,0,0.1,72.61031,-1574.347,3091.529
0.03562504,0.2,1,-1.634655E-06,0,0,0.1,72.65059,-1574.349,3091.529
0.03427958,0.2,1,-1.375416E-06,0,0,0.1,72.69073,-1574.349,3091.529
0.03292915,0.2,1,-1.157031E-06,0,0,0.1,72.73087,-1574.35,3091.529
0.03154529,0.2,1,-9.742741E-07,0,0,0.1,72.77075,-1574.351,3091.529
0.0301643,0.2,1,-8.194727E-07,0,0,0.1,72.81082,-1574.352,3091.529
0.02891819,0.2,1,-6.900812E-07,0,0,0.1,72.85059,-1574.353,3091.529
0.02782535,0.2,1,-5.808552E-07,0,0,0.1,72.8904,-1574.353,3091.529
0.02704128,0.2,1,-4.889807E-07,0,0,0.1,72.93012,-1574.354,3091.53
0.02695115,0.2,1,-4.117237E-07,0,0,0.1,72.96974,-1574.354,3091.53
0.02686658,0.2,1,-3.466965E-07,0,0,0.1,73.0093,-1574.355,3091.53
0.02697668,0.2,1,-2.916556E-07,0,0,0.1,73.049,-1574.355,3091.53
0.02707276,0.2,1,-2.45572E-07,0,0,0.1,73.08847,-1574.355,3091.531
0.02664123,0.2,1,-2.061756E-07,0,0,0.1,73.12849,-1574.356,3091.531
0.02610752,0.2,1,-1.737524E-07,0,0,0.1,73.16767,-1574.356,3091.531
0.02515524,0.2,1,-1.461835E-07,0,0,0.1,73.20714,-1574.356,3091.531
0.02430972,0.2,1,-1.23052E-07,0,0,0.1,73.24645,-1574.357,3091.531
0.02323515,0.2,1,-1.036138E-07,0,0,0.1,73.28564,-1574.357,3091.532
0.02243911,0.2,1,-8.718141E-08,0,0,0.1,73.32494,-1574.357,3091.532
0.02136711,0.2,1,-7.337798E-08,0,0,0.1,73.36412,-1574.357,3091.532
0.02060421,0.2,1,-6.176591E-08,0,0,0.1,73.40323,-1574.358,3091.532
0.0199458,0.2,1,-5.196854E-08,0,0,0.1,73.44238,-1574.358,3091.533
0.01922874,0.2,1,-4.375013E-08,0,0,0.1,73.48136,-1574.358,3091.533
0.01864558,0.2,1,-3.681814E-08,0,0,0.1,73.52037,-1574.358,3091.533
0.01807272,0.2,1,-3.098685E-08,0,0,0.1,73.5593,-1574.358,3091.533
0.01768785,0.2,1,-2.607168E-08,0,0,0.1,73.59824,-1574.358,3091.534
0.01723921,0.2,1,-2.194751E-08,0,0,0.1,73.63703,-1574.358,3091.534
0.01699657,0.2,1,-1.846584E-08,0,0,0.1,73.67588,-1574.358,3091.534
0.01637943,0.2,1,-1.553926E-08,0,0,0.1,73.71465,-1574.358,3091.534
0.01565495,0.2,1,-1.308673E-08,0,0,0.1,73.75319,-1574.358,3091.534
0.01491838,0.2,1,-1.101569E-08,0,0,0.1,73.79179,-1574.358,3091.534
0.01297296,0.2,1,-9.278441E-09,0,0,0.1,73.83021,-1574.358,3091.534
0.01183833,0.2,1,-7.801796E-09,0,0,0.1,73.86893,-1574.358,3091.534
0.009944102,0.2,1,-6.56784E-09,0,0,0.1,73.90735,-1574.358,3091.534
0.007968188,0.2,1,-5.52894E-09,0,0,0.1,73.94573,-1574.358,3091.534
0.005993607,0.2,1,-4.654029E-09,0,0,0.1,73.98408,-1574.358,3091.534
0,0.2,1,-3.918083E-09,0,0,0.1,74.02235,-1574.358,3091.534
0,0.2,1,-3.295546E-09,0,0,0.1,74.06075,-1574.358,3091.534
0,0.2,1,-2.775427E-09,0,0,0.1,74.09884,-1574.358,3091.534
0,0.2,1,-2.335772E-09,0,0,0.1,74.13702,-1574.358,3091.534
0,0.2,1,-1.965362E-09,0,0,0.1,74.1752,-1574.358,3091.534
0,0.2,1,-1.653963E-09,0,0,0.1,74.21329,-1574.358,3091.534
0,0.2,1,-1.392E-09,0,0,0.1,74.25133,-1574.358,3091.534
0,0.2,1,-1.172137E-09,0,0,0.1,74.2892,-1574.358,3091.534
0,0.2,1,-9.860301E-10,0,0,0.1,74.32722,-1574.358,3091.534
0,0.2,1,-8.292966E-10,0,0,0.1,74.36524,-1574.358,3091.534
0,0.2,1,-6.988077E-10,0,0,0.1,74.40282,-1574.358,3091.534
0,0.2,1,-5.881151E-10,0,0,0.1,74.44061,-1574.358,3091.534
0,0.2,1,-4.951912E-10,0,0,0.1,74.47824,-1574.358,3091.534
0,0.2,1,-4.167568E-10,0,0,0.1,74.51591,-1574.358,3091.534
0,0.2,1,-3.507255E-10,0,0,0.1,74.55356,-1574.358,3091.534
0,0.2,1,-2.951464E-10,0,0,0.1,74.59116,-1574.358,3091.534
0,0.2,1,-2.473799E-10,0,0,0.1,74.6295,-1574.358,3091.534
0,0.2,1,-2.076999E-10,0,0,0.1,74.66745,-1574.358,3091.534
0,0.2,1,-1.74995E-10,0,0,0.1,74.70466,-1574.358,3091.534
0,0.2,1,-1.473374E-10,0,0,0.1,74.74195,-1574.358,3091.534
0,0.2,1,-1.239448E-10,0,0,0.1,74.77937,-1574.358,3091.534
0,0.2,1,-1.001124E-10,0,0,0.1,74.82463,-1574.358,3091.534
0,0.2,1,-8.697709E-11,0,0,0.1,74.85546,-1574.358,3091.534
0,0.2,1,-7.323436E-11,0,0,0.1,74.89254,-1574.358,3091.534
0,0.2,1,-6.163133E-11,0,0,0.1,74.92968,-1574.358,3091.534
0,0.2,1,-5.17241E-11,0,0,0.1,74.96731,-1574.358,3091.534
0,0.2,1,-4.365276E-11,0,0,0.1,75.00378,-1574.358,3091.534
0,0.2,1,-3.674322E-11,0,0,0.1,75.04074,-1574.358,3091.534
0,0.2,1,-3.093364E-11,0,0,0.1,75.07761,-1574.358,3091.534
0,0.2,1,-2.490542E-11,0,0,0.1,75.12299,-1574.358,3091.534
0,0.2,1,-2.169969E-11,0,0,0.1,75.15291,-1574.358,3091.534
0,0.2,1,-1.82329E-11,0,0,0.1,75.19001,-1574.358,3091.534
0,0.2,1,-1.537964E-11,0,0,0.1,75.2263,-1574.358,3091.534
0,0.2,1,-1.294447E-11,0,0,0.1,75.26297,-1574.358,3091.534
0,0.2,1,-1.090111E-11,0,0,0.1,75.29948,-1574.358,3091.534
0,0.2,1,-9.172608E-12,0,0,0.1,75.3361,-1574.358,3091.534
0,0.2,1,-7.717503E-12,0,0,0.1,75.3727,-1574.358,3091.534
0,0.2,1,-6.49674E-12,0,0,0.1,75.40913,-1574.358,3091.534
0,0.2,1,-5.465266E-12,0,0,0.1,75.44566,-1574.358,3091.534
0,0.2,1,-4.59813E-12,0,0,0.1,75.48211,-1574.358,3091.534
0,0.2,1,-3.874228E-12,0,0,0.1,75.51823,-1574.358,3091.534
0,0.2,1,-3.260055E-12,0,0,0.1,75.55456,-1574.358,3091.534
0,0.2,1,-2.74343E-12,0,0,0.1,75.59082,-1574.358,3091.534
0,0.2,1,-2.308608E-12,0,0,0.1,75.62704,-1574.358,3091.534
0,0.2,1,-1.944049E-12,0,0,0.1,75.66309,-1574.358,3091.534
0,0.2,1,-1.635176E-12,0,0,0.1,75.6993,-1574.358,3091.534
0,0.2,1,-1.376697E-12,0,0,0.1,75.73528,-1574.358,3091.534
0,0.2,1,-1.158418E-12,0,0,0.1,75.77132,-1574.358,3091.534
0,0.2,1,-9.742468E-13,0,0,0.1,75.80741,-1574.358,3091.534
0,0.2,1,-8.206238E-13,0,0,0.1,75.84315,-1574.358,3091.534
0,0.2,1,-6.908339E-13,0,0,0.1,75.87897,-1574.358,3091.534
0,0.2,1,-5.805782E-13,0,0,0.1,75.91505,-1574.358,3091.534
0,0.2,1,-4.892985E-13,0,0,0.1,75.95055,-1574.358,3091.534
0,0.2,1,-4.120872E-13,0,0,0.1,75.98614,-1574.358,3091.534
0,0.2,1,-3.468032E-13,0,0,0.1,76.02181,-1574.358,3091.534
0,0.2,1,-2.919167E-13,0,0,0.1,76.05741,-1574.358,3091.534
0,0.2,1,-2.456161E-13,0,0,0.1,76.09304,-1574.358,3091.534
0,0.2,1,-2.068225E-13,0,0,0.1,76.12847,-1574.358,3091.534
0,0.2,1,-1.740568E-13,0,0,0.1,76.16396,-1574.358,3091.534
0,0.2,1,-1.465564E-13,0,0,0.1,76.19932,-1574.358,3091.534
0,0.2,1,-1.233603E-13,0,0,0.1,76.23468,-1574.358,3091.534
0,0.2,1,-1.038353E-13,0,0,0.1,76.26999,-1574.358,3091.534
0,0.2,1,-8.735947E-14,0,0,0.1,76.30534,-1574.358,3091.534
0,0.2,1,-7.352986E-14,0,0,0.1,76.34057,-1574.358,3091.534
0,0.2,1,-6.191758E-14,0,0,0.1,76.37566,-1574.358,3091.534
0,0.2,1,-5.212655E-14,0,0,0.1,76.41076,-1574.358,3091.534
0,0.2,1,-4.382952E-14,0,0,0.1,76.44604,-1574.358,3091.534
0,0.2,1,-3.69038E-14,0,0,0.1,76.48102,-1574.358,3091.534
0,0.2,1,-3.106322E-14,0,0,0.1,76.516,-1574.358,3091.534
0,0.2,1,-2.614504E-14,0,0,0.1,76.55096,-1574.358,3091.534
0,0.2,1,-2.199713E-14,0,0,0.1,76.58593,-1574.358,3091.534
0,0.2,1,-1.84896E-14,0,0,0.1,76.62103,-1574.358,3091.534
0,0.2,1,-1.558165E-14,0,0,0.1,76.65562,-1574.358,3091.534
0,0.2,1,-1.312455E-14,0,0,0.1,76.69025,-1574.358,3091.534
0,0.2,1,-1.104059E-14,0,0,0.1,76.72507,-1574.358,3091.534
0,0.2,1,-9.290921E-15,0,0,0.1,76.75977,-1574.358,3091.534
0,0.2,1,-7.821441E-15,0,0,0.1,76.79436,-1574.358,3091.534
0,0.2,1,-6.580539E-15,0,0,0.1,76.82902,-1574.358,3091.534
0,0.2,1,-5.54255E-15,0,0,0.1,76.86343,-1574.358,3091.534
0,0.2,1,-4.66491E-15,0,0,0.1,76.89792,-1574.358,3091.534
0,0.2,1,-3.926898E-15,0,0,0.1,76.93233,-1574.358,3091.534
0,0.2,1,-3.304598E-15,0,0,0.1,76.96677,-1574.358,3091.534
0,0.2,1,-2.781784E-15,0,0,0.1,77.00109,-1574.358,3091.534
0,0.2,1,-2.341406E-15,0,0,0.1,77.03539,-1574.358,3091.534
0,0.2,1,-1.969583E-15,0,0,0.1,77.06976,-1574.358,3091.534
0,0.2,1,-1.658023E-15,0,0,0.1,77.10394,-1574.358,3091.534
0,0.2,1,-1.393969E-15,0,0,0.1,77.13831,-1574.358,3091.534
0,0.2,1,-1.174524E-15,0,0,0.1,77.17225,-1574.358,3091.534
0,0.2,1,-9.883946E-16,0,0,0.1,77.20636,-1574.358,3091.534
0,0.2,1,-8.318052E-16,0,0,0.1,77.24042,-1574.358,3091.534
0,0.2,1,-7.003475E-16,0,0,0.1,77.27435,-1574.358,3091.534
0,0.2,1,-5.892142E-16,0,0,0.1,77.30836,-1574.358,3091.534
0,0.2,1,-4.962321E-16,0,0,0.1,77.34215,-1574.358,3091.534
0,0.2,1,-4.176249E-16,0,0,0.1,77.37602,-1574.358,3091.534
0,0.2,1,-3.513533E-16,0,0,0.1,77.40991,-1574.358,3091.534
0,0.2,1,-2.959417E-16,0,0,0.1,77.44355,-1574.358,3091.534
0,0.2,1,-2.490524E-16,0,0,0.1,77.47729,-1574.358,3091.534
0,0.2,1,-2.096456E-16,0,0,0.1,77.51094,-1574.358,3091.534
0,0.2,1,-1.764321E-16,0,0,0.1,77.54459,-1574.358,3091.534
0,0.2,1,-1.484898E-16,0,0,0.1,77.57819,-1574.358,3091.534
0,0.2,1,-1.249759E-16,0,0,0.1,77.61173,-1574.358,3091.534
0,0.2,1,-1.047389E-16,0,0,0.1,77.646,-1574.358,3091.534
0,0.2,1,-8.816638E-17,0,0,0.1,77.67943,-1574.358,3091.534
0,0.2,1,-7.420056E-17,0,0,0.1,77.71285,-1574.358,3091.534
0,0.2,1,-6.246366E-17,0,0,0.1,77.74619,-1574.358,3091.534
0,0.2,1,-5.255867E-17,0,0,0.1,77.77955,-1574.358,3091.534
