Wheel Speed,RPM,Gear,Angle,Throttle,Braking,Clutch,Temp,X,Y
2.565497,0.733102,1,0,1,0,0.1,52.34415,-1597.356,3003.377
2.54095,0.7520941,1,0,1,0,0.1,52.42068,-1597.375,3003.421
2.504134,0.7350624,1,0,0,0,0.1,52.48925,-1597.391,3003.46
2.476537,0.7225354,1,0,0,0,0.1,52.53963,-1597.403,3003.488
2.463463,0.706838,1,0,0,0,0.1,52.60272,-1597.418,3003.523
2.444041,0.6910285,1,0,0,0,0.1,52.66621,-1597.432,3003.558
2.420026,0.6749057,1,0,0,0,0.1,52.7309,-1597.447,3003.594
2.396142,0.6590118,1,0,0,0,0.1,52.79462,-1597.462,3003.628
2.371679,0.6430509,1,0,0,0,0.1,52.85855,-1597.476,3003.662
2.345957,0.6269435,1,0,0,0,0.1,52.92302,-1597.49,3003.696
2.320299,0.6110097,1,0,0,0,0.1,52.98673,-1597.504,3003.73
2.294894,0.5950813,1,0,0,0,0.1,53.05037,-1597.518,3003.763
2.269964,0.579212,1,0,0,0,0.1,53.11372,-1597.532,3003.796
2.245309,0.5633347,1,0,0,0,0.1,53.17705,-1597.545,3003.828
2.220905,0.547219,1,0,0,0,0.1,53.24127,-1597.559,3003.86
2.196645,0.5313779,1,0,0,0,0.1,53.30435,-1597.572,3003.892
2.172047,0.515155,1,0,0,0,0.1,53.36889,-1597.585,3003.924
2.148038,0.4991561,1,0,0,0,0.1,53.43248,-1597.598,3003.955
2.123953,0.4832996,1,0,0,0,0.1,53.49545,-1597.611,3003.985
2.099274,0.4672613,1,0,0,0,0.1,53.55909,-1597.623,3004.016
2.074653,0.4511406,1,0,0,0,0.1,53.623,-1597.636,3004.046
2.049901,0.4353819,1,0,0,0,0.1,53.68542,-1597.647,3004.075
2.025584,0.451377,1,0,1,0,0.1319264,53.74873,-1597.66,3004.105
2.016019,0.4674548,1,0,1,0,0.1640178,53.81225,-1597.672,3004.136
2.051399,0.4834822,1,0,1,0,0.1960086,53.87544,-1597.684,3004.167
2.095863,0.4994157,1,0,1,0,0.227812,53.93812,-1597.697,3004.2
2.152045,0.5154108,1,0,1,0,0.2597384,54.00088,-1597.71,3004.233
2.221271,0.5314852,1,0,1,0,0.291823,54.06378,-1597.724,3004.268
2.306667,0.547452,1,0,1,0,0.3236928,54.12606,-1597.738,3004.304
2.410349,0.5632926,1,0,1,0,0.3553108,54.18764,-1597.753,3004.342
2.533405,0.579403,1,0,1,0,0.3874674,54.25003,-1597.769,3004.383
2.7054,0.5953137,1,0,1,0,0.4192252,54.31138,-1597.786,3004.425
2.856576,0.6113686,1,0,1,0,0.4512708,54.37302,-1597.804,3004.47
3.015729,0.6049042,1,0,1,0,0.4829856,54.43375,-1597.822,3004.517
3.182014,0.5887547,1,0,1,0,0.51522,54.4952,-1597.842,3004.567
3.358108,0.5728156,1,0,1,0,0.5470346,54.55556,-1597.862,3004.619
3.537707,0.5568828,1,0,1,0,0.5788366,54.61562,-1597.883,3004.674
3.713583,0.5408311,1,0,1,0,0.610876,54.67583,-1597.906,3004.731
3.89012,0.5249405,1,0,1,0,0.6425937,54.73516,-1597.929,3004.79
4.06856,0.5090024,1,0,1,0,0.6744063,54.79438,-1597.953,3004.851
4.245956,0.4932579,1,0,1,0,0.7058325,54.85261,-1597.979,3004.915
4.425178,0.4768001,1,0,1,0,0.7386823,54.91319,-1598.006,3004.983
4.604571,0.4610353,1,0,1,0,0.7701489,54.97092,-1598.033,3005.051
4.790815,0.4451182,1,0,1,0,0.8019198,55.02895,-1598.062,3005.122
4.970069,0.4289013,1,0,1,0,0.8342888,55.08777,-1598.092,3005.197
5.151536,0.4126543,1,0,1,0,0.8253087,55.14642,-1598.123,3005.275
5.3364,0.418626,1,0,1,0,0.8372519,55.20251,-1598.154,3005.352
5.520606,0.4192762,1,5.041627,1,0,0.8385524,55.26028,-1598.187,3005.434
5.698305,0.4277417,1,9.233579,1,0,0.8554834,55.31647,-1598.222,3005.515
5.881382,0.4247403,1,12.90356,1,0,0.8494806,55.3738,-1598.26,3005.601
6.080676,0.4366885,1,15.97424,1,0,0.873377,55.42989,-1598.3,3005.686
6.281215,0.4288791,1,18.62066,1,0,0.8577582,55.48623,-1598.342,3005.773
6.47321,0.4449287,1,20.8791,1,0,0.8897934,55.54232,-1598.386,3005.862
6.660506,0.4332942,1,22.79397,1,0,0.8665884,55.59779,-1598.432,3005.951
6.843176,0.4491571,1,24.42472,1,0,0.8982509,55.6528,-1598.48,3006.04
7.021198,0.4425908,1,25.82147,1,0,0.8851815,55.70759,-1598.53,3006.131
7.19563,0.4566334,1,27.07213,1,0,0.9132667,55.76464,-1598.584,3006.226
7.365062,0.4479221,1,28.09098,1,0,0.8958442,55.81907,-1598.638,3006.318
7.539672,0.4639983,1,28.97556,1,0,0.9279324,55.87397,-1598.695,3006.412
7.705821,0.4586997,1,29.73304,1,0,0.9173993,55.9287,-1598.755,3006.507
7.873357,0.474475,1,30.36897,1,0,0.9488869,55.98218,-1598.815,3006.601
8.039855,0.4670284,1,30.92237,1,0,0.9340569,56.03616,-1598.878,3006.696
8.203107,0.4831869,1,26.52907,1,0,0.9663093,56.09053,-1598.944,3006.793
8.368014,0.4809414,1,22.80266,1,0,0.9618828,56.14419,-1599.012,3006.89
8.5541,0.496015,1,19.57083,1,0,0.99203,56.19823,-1599.083,3006.99
8.752642,0.50577,1,16.8779,1,0,1,56.25059,-1599.155,3007.088
8.95851,0.5178919,1,14.49841,1,0,1,56.30412,-1599.229,3007.191
9.15425,0.5294671,1,12.53219,1,0,1,56.35551,-1599.303,3007.292
9.373677,0.5406103,1,10.81011,1,0,1,56.40748,-1599.38,3007.397
9.598468,0.5511673,1,9.321475,1,0,1,56.45944,-1599.458,3007.504
9.817435,0.5620904,1,8.056936,1,0,1,56.51052,-1599.537,3007.612
10.02786,0.5725007,1,6.914093,1,0,1,56.56383,-1599.621,3007.727
10.24791,0.5829158,1,5.963924,1,0,1,56.61536,-1599.704,3007.841
10.46737,0.593486,1,5.167993,1,0,1,56.66532,-1599.786,3007.954
10.68742,0.6040069,1,4.466722,1,0,1,56.71601,-1599.87,3008.072
10.91795,0.6147762,1,3.869512,1,0,1,56.76586,-1599.955,3008.189
11.15182,0.6257393,1,3.335053,1,0,1,56.81726,-1600.045,3008.313
11.39148,0.6371781,1,2.885084,1,0,1,56.86737,-1600.134,3008.436
11.63216,0.6490325,1,2.495222,1,0,1,56.91746,-1600.225,3008.561
11.8683,0.6610607,1,2.165312,1,0,1,56.96637,-1600.316,3008.685
12.11159,0.6732019,1,1.871155,1,0,1,57.01653,-1600.411,3008.815
12.34731,0.6856648,1,1.625565,1,0,1,57.06489,-1600.505,3008.943
12.58824,0.6981686,1,1.408107,1,0,1,57.11407,-1600.603,3009.075
12.82628,0.7108118,1,1.222528,1,0,1,57.16243,-1600.702,3009.207
13.06494,0.7236117,1,1.061454,1,0,1,57.21068,-1600.802,3009.341
13.30516,0.7364562,1,0.9211016,1,0,1,57.259,-1600.905,3009.478
13.54568,0.7494444,1,0.7995173,1,0,1,57.30713,-1601.011,3009.616
13.78262,0.7626067,1,0.6958675,1,0,1,57.35429,-1601.116,3009.754
14.02026,0.7756475,1,0.6056629,1,0,1,57.40135,-1601.223,3009.894
14.25998,0.7882851,1,0.5267066,1,0,1,57.44857,-1601.333,3010.037
14.50076,0.8012826,1,0.4579491,1,0,1,57.49576,-1601.446,3010.182
14.73918,0.814371,1,0.3989379,1,0,1,57.54223,-1601.559,3010.327
14.98011,0.8274689,1,0.3471486,1,0,1,57.58894,-1601.676,3010.476
15.22764,0.8406015,1,4.861156,1,0,1,57.63668,-1601.798,3010.629
15.46476,0.8536716,1,8.598013,1,0,1,57.68214,-1601.917,3010.778
15.70453,0.8658625,1,11.88678,1,0,1,57.72786,-1602.041,3010.928
15.94186,0.8774479,1,14.7171,1,0,1,57.77288,-1602.166,3011.077
16.18283,0.8885543,1,17.2211,1,0,1,57.81837,-1602.296,3011.228
16.42003,0.8993414,1,19.36525,1,0,1,57.86293,-1602.427,3011.377
16.66559,0.9098676,1,21.30153,1,0,1,57.90884,-1602.564,3011.532
16.89514,0.9203269,1,22.87307,1,0,1,57.95157,-1602.695,3011.677
17.13259,0.9303668,1,24.29909,1,0,1,57.99559,-1602.833,3011.826
17.37245,0.9392654,1,25.55705,1,0,1,58.03986,-1602.974,3011.978
17.65806,0.9447017,1,26.86373,1,0,1,58.09236,-1603.145,3012.158
17.85079,0.9487812,1,27.61175,1,0,1,58.12761,-1603.262,3012.279
17.90944,0.950173,1,28.43875,1,0,1,58.17088,-1603.409,3012.429
17.90976,0.9521257,1,29.16085,1,0,1,58.21389,-1603.557,3012.578
17.91051,0.9546903,1,25.52995,1,0,1,58.25729,-1603.71,3012.73
17.91158,0.9384751,1,18.009,0,0,0.1,58.301,-1603.866,3012.88
17.67191,0.9224655,2,11.51105,0,0,0.1319552,58.34415,-1604.022,3013.026
17.43289,0.9064988,2,5.831146,0,0,0.1638248,58.38718,-1604.178,3013.17
17.14587,0.8873257,2,-0.148114,0,0,0.2020946,58.43882,-1604.365,3013.342
16.95635,0.8746659,2,-3.510864,0,0,0.2273636,58.4729,-1604.489,3013.454
16.7184,0.8587707,2,-7.319721,0,0,0.2590906,58.51569,-1604.645,3013.594
16.4804,0.8428727,2,-10.66082,0,0,0.290823,58.55848,-1604.801,3013.734
16.24242,0.8269755,2,-13.5906,0,0,0.322554,58.60126,-1604.956,3013.873
15.99626,0.8105319,2,-16.24785,0,0,0.3553756,58.6455,-1605.116,3014.016
15.7576,0.7945895,2,-18.49556,0,0,0.3871968,58.68839,-1605.27,3014.155
15.51823,0.7785997,2,-20.47087,0,0,0.4191126,58.7314,-1605.425,3014.294
15.27854,0.7625881,2,-22.2031,0,0,0.4510718,58.77445,-1605.578,3014.433
15.03895,0.7465836,2,-23.71901,0,0,0.483017,58.81747,-1605.731,3014.572
14.80007,0.7306262,2,-25.04219,0,0,0.514868,58.86037,-1605.882,3014.71
14.56069,0.7146357,2,-26.20335,0,0,0.5467852,58.90334,-1606.032,3014.85
14.3229,0.6987514,2,-27.21304,0,0,0.5784904,58.94602,-1606.18,3014.989
14.08498,0.6828582,2,-28.09813,0,0,0.6102135,58.98872,-1606.327,3015.128
13.84712,0.6669695,2,-28.87317,0,0,0.6419275,59.03141,-1606.471,3015.268
13.60946,0.6510937,2,-29.55145,0,0,0.6736159,59.07405,-1606.615,3015.409
13.3632,0.6346439,2,-30.16698,0,0,0.7064499,59.11824,-1606.761,3015.555
13.15934,0.6187989,2,-30.68353,0,0,0.7380767,59.16079,-1606.9,3015.697
13.16087,0.6025159,2,-31.14846,0,0,0.7705775,59.20452,-1607.041,3015.843
13.1563,0.5865771,2,-31.54544,0,0,0.8023915,59.24732,-1607.177,3015.987
13.14713,0.5705909,2,-31.89379,0,0,0.8343,59.29025,-1607.311,3016.133
13.1256,0.5547434,2,-32.19572,0,0,0.8659319,59.33279,-1607.442,3016.278
13.10935,0.5386111,2,-32.46477,0,0,0.8981321,59.37611,-1607.573,3016.427
13.08501,0.5226609,2,-32.69699,0,0,0.9299689,59.41893,-1607.7,3016.575
13.0562,0.5066333,2,-32.90102,0,0,0.9619599,59.46195,-1607.826,3016.724
13.02485,0.4907348,2,-33.07781,0,0,0.9936935,59.50463,-1607.948,3016.874
12.98899,0.4746461,2,-33.23428,1,0,1,59.54782,-1608.071,3017.027
13.22087,0.4586636,2,-29.01383,1,0,1,59.59058,-1608.191,3017.183
13.38809,0.4473177,2,-25.31889,1,0,1,59.63338,-1608.31,3017.341
13.4893,0.4515543,2,-22.12574,1,0,1,59.67568,-1608.427,3017.501
13.57652,0.4552089,2,-19.39696,1,0,1,59.71696,-1608.541,3017.661
13.6616,0.4586723,2,-16.90329,1,0,1,59.7599,-1608.659,3017.83
13.73922,0.4619388,2,-14.76962,1,0,1,59.80196,-1608.774,3017.999
13.81454,0.4652482,2,-12.93239,1,0,1,59.84333,-1608.887,3018.167
13.88317,0.4684648,2,-11.33232,1,0,1,59.8844,-1609,3018.337
13.9724,0.4718713,2,-9.889683,1,0,1,59.92657,-1609.115,3018.515
14.04781,0.4751626,2,-8.656218,1,0,1,59.96779,-1609.229,3018.691
14.12297,0.4785662,2,-7.575927,1,0,1,60.00896,-1609.342,3018.87
14.19423,0.4819245,2,-6.64387,1,0,1,60.04945,-1609.453,3019.048
14.26438,0.4852911,2,-5.824032,1,0,1,60.08998,-1609.565,3019.229
14.33648,0.4887499,2,-5.090938,1,0,1,60.13124,-1609.68,3019.417
14.5741,0.4975944,2,-4.465976,1,0,1,60.1714,-1609.792,3019.601
14.81143,0.5023767,2,-3.919524,1,0,1,60.21133,-1609.904,3019.787
15.04931,0.5064183,2,-3.439813,1,0,1,60.25119,-1610.016,3019.975
15.28664,0.5104266,2,-3.020651,1,0,1,60.29079,-1610.128,3020.165
15.40567,0.5144083,2,-2.637989,1,0,1,60.33187,-1610.245,3020.365
15.48327,0.5184059,2,-2.315642,1,0,1,60.3714,-1610.359,3020.56
15.56352,0.5225515,2,-2.034594,1,0,1,60.41058,-1610.471,3020.755
15.64078,0.5265148,2,-1.784991,1,0,1,60.45008,-1610.585,3020.956
15.71897,0.5304775,2,-1.5689,1,0,1,60.48897,-1610.698,3021.156
15.86355,0.5349346,2,-1.377909,1,0,1,60.52798,-1610.812,3021.359
16.00905,0.5399679,2,-1.209631,1,0,1,60.56703,-1610.926,3021.566
16.15506,0.5483242,2,-1.067171,1,0,1,60.60459,-1611.036,3021.769
16.13149,0.5517336,2,-0.9334421,1,0,1,60.64446,-1611.153,3021.986
16.11689,0.5550974,2,-0.8219682,1,0,1,60.68237,-1611.265,3022.195
16.11504,0.5589137,2,-0.7227384,1,0,1,60.7206,-1611.379,3022.409
16.11815,0.5645393,2,-0.636447,1,0,1,60.7583,-1611.491,3022.624
16.30825,0.5711468,2,-0.5603933,1,0,1,60.79594,-1611.605,3022.841
16.41719,0.5738841,2,-0.4943218,1,0,1,60.83298,-1611.717,3023.058
16.46195,0.5761875,2,-0.4362646,1,0,1,60.86977,-1611.83,3023.277
16.51991,0.5789934,2,-0.3849451,1,0,1,60.90652,-1611.943,3023.499
16.59144,0.5823668,2,-0.3399822,1,0,1,60.94289,-1612.057,3023.722
16.67064,0.5860944,2,-0.3002542,1,0,1,60.97917,-1612.171,3023.948
16.75601,0.5905348,2,-0.2644407,1,0,1,61.0161,-1612.289,3024.182
16.99247,0.5995092,2,-4.193623,1,0,1,61.05175,-1612.403,3024.408
17.13192,0.6030225,2,-7.78938,1,0,1,61.08855,-1612.522,3024.644
17.34242,0.6099572,2,-10.87067,1,0,1,61.1243,-1612.638,3024.875
17.39677,0.6134595,2,-13.60711,1,0,1,61.16016,-1612.754,3025.107
17.52722,0.6172625,2,-15.99992,1,0,1,61.19559,-1612.869,3025.337
17.65578,0.6234738,2,-14.12884,1,0,1,61.23137,-1612.985,3025.571
17.78507,0.6264407,2,-12.49883,1,0,1,61.2666,-1613.1,3025.803
17.91198,0.629927,2,-10.98884,1,0,1,61.30341,-1613.221,3026.047
18.04432,0.632914,2,-9.727204,1,0,1,61.33832,-1613.336,3026.281
18.16965,0.6360524,2,-8.609485,1,0,1,61.37317,-1613.452,3026.517
18.29501,0.639383,2,-7.585967,1,0,1,61.40914,-1613.572,3026.763
18.4242,0.6426934,2,-6.711935,1,0,1,61.44391,-1613.688,3027.004
18.54917,0.6464538,2,-5.938338,1,0,1,61.4786,-1613.806,3027.247
18.674,0.6503906,2,-5.27055,1,0,1,61.51235,-1613.922,3027.487
18.79574,0.6545746,2,-4.67391,1,0,1,61.54622,-1614.039,3027.732
18.91836,0.6589011,2,-4.137029,1,0,1,61.58048,-1614.159,3027.983
19.04295,0.6632174,2,-3.669195,1,0,1,61.6141,-1614.278,3028.233
19.166,0.6676573,2,-3.253519,1,0,1,61.64767,-1614.398,3028.487
19.29011,0.6722226,2,0.9742463,1,0,1,61.68092,-1614.52,3028.743
19.41461,0.67693,2,4.705139,1,0,1,61.71386,-1614.642,3029
19.54003,0.6814248,2,8.016053,1,0,1,61.74667,-1614.767,3029.26
19.66722,0.6857031,2,10.94221,1,0,1,61.77921,-1614.894,3029.521
19.79551,0.689838,2,13.53044,1,0,1,61.81149,-1615.023,3029.783
19.9249,0.6937809,2,15.83064,1,0,1,61.84365,-1615.154,3030.048
20.05547,0.6977133,2,17.85297,1,0,1,61.87533,-1615.287,3030.313
20.18549,0.7015781,2,19.64321,1,0,1,61.90672,-1615.421,3030.578
20.31542,0.7056632,2,21.23426,1,0,1,61.93792,-1615.557,3030.845
20.44541,0.709757,2,22.6507,1,0,1,61.96896,-1615.695,3031.114
20.57541,0.713894,2,23.90767,1,0,1,61.99975,-1615.835,3031.383
20.70476,0.7180217,2,25.02294,1,0,1,62.03027,-1615.977,3031.654
20.83325,0.7223377,2,26.0181,1,0,1,62.06067,-1616.122,3031.927
20.96134,0.7265555,2,26.90388,1,0,1,62.09087,-1616.269,3032.201
21.08848,0.7308452,2,27.69151,0,0,1,62.12083,-1616.416,3032.474
20.96209,0.7216629,2,28.39814,0,0,1,62.15088,-1616.566,3032.746
20.72448,0.7064633,2,29.02745,1,0,1,62.18081,-1616.717,3033.019
20.47749,0.7109976,2,29.61033,1,0,1,62.21175,-1616.876,3033.302
20.60986,0.7168625,2,30.10559,1,0,1,62.24122,-1617.031,3033.575
20.76341,0.7284714,2,26.85134,1,0,1,62.27129,-1617.193,3033.854
20.87612,0.7337883,2,24.02048,1,0,1,62.30052,-1617.354,3034.128
21.01619,0.7398145,2,21.49616,1,0,1,62.32958,-1617.516,3034.403
21.12215,0.7449692,2,19.24345,1,0,1,62.35846,-1617.681,3034.677
21.247,0.7495553,2,17.23443,1,0,1,62.38715,-1617.848,3034.953
21.37293,0.753626,2,15.43448,1,0,1,62.41576,-1618.018,3035.23
21.50055,0.7580228,2,13.79664,1,0,1,62.44473,-1618.193,3035.512
21.632,0.7624684,2,12.36213,1,0,1,62.47303,-1618.368,3035.791
21.76267,0.7670295,2,11.01924,1,0,1,62.50251,-1618.553,3036.083
21.90117,0.7715566,2,9.88582,1,0,1,62.53033,-1618.73,3036.361
22.1123,0.7769289,2,8.8463,1,0,1,62.55869,-1618.914,3036.647
22.25578,0.781439,2,7.936267,1,0,1,62.58636,-1619.096,3036.928
22.41277,0.7860778,2,7.123435,1,0,1,62.61382,-1619.279,3037.21
22.57327,0.7906854,2,6.385411,1,0,1,62.64153,-1619.466,3037.496
22.70597,0.7950966,2,5.733387,1,0,1,62.66876,-1619.653,3037.779
22.80357,0.7988576,2,5.140547,1,0,1,62.69626,-1619.844,3038.067
22.8946,0.802629,2,4.61764,1,0,1,62.72323,-1620.035,3038.353
23.0273,0.8064389,2,4.141428,1,0,1,62.7505,-1620.23,3038.643
23.17563,0.8101489,2,3.721223,1,0,1,62.77724,-1620.425,3038.93
23.41591,0.8179917,2,3.341585,1,0,1,62.80405,-1620.623,3039.221
23.6535,0.8250337,2,3.005448,1,0,1,62.83038,-1620.821,3039.51
23.89151,0.8288475,2,2.703459,1,0,1,62.8566,-1621.022,3039.8
24.12806,0.8313611,2,2.434287,1,0,1,62.88248,-1621.223,3040.089
24.3654,0.8352012,2,2.191871,1,0,1,62.90827,-1621.428,3040.38
24.56554,0.839213,2,5.496225,1,0,1,62.93482,-1621.642,3040.683
24.71182,0.8432645,2,8.376814,1,0,1,62.96051,-1621.854,3040.978
24.7653,0.8464372,2,10.93035,1,0,1,62.98572,-1622.067,3041.27
24.79738,0.8490363,2,13.23111,1,0,1,63.01081,-1622.283,3041.563
24.81732,0.8518302,2,15.30298,1,0,1,63.03579,-1622.502,3041.855
24.85044,0.8547714,2,17.17378,1,0,1,63.06072,-1622.724,3042.148
24.87347,0.8574869,2,18.89786,1,0,1,63.08611,-1622.955,3042.448
24.89915,0.8602353,2,20.40797,1,0,1,63.11076,-1623.183,3042.741
24.92197,0.8626741,2,21.77486,1,0,1,63.13543,-1623.415,3043.034
24.95627,0.8665116,2,22.98806,1,0,1,63.15964,-1623.647,3043.323
24.98183,0.8671862,2,24.1028,1,0,1,63.18419,-1623.887,3043.616
25.01463,0.8680818,2,25.13824,1,0,1,63.20941,-1624.138,3043.917
25.05203,0.8705426,2,25.98314,1,0,1,63.23223,-1624.369,3044.191
25.12258,0.8735732,2,26.79619,1,0,1,63.25637,-1624.618,3044.48
25.19928,0.8761519,2,27.52484,1,0,1,63.28027,-1624.868,3044.766
25.3278,0.8786772,2,28.18247,1,0,1,63.3041,-1625.122,3045.051
25.45587,0.8810368,2,28.76967,0,0,1,63.32761,-1625.376,3045.33
25.21648,0.8650451,2,29.30459,0,0,1,63.3513,-1625.633,3045.608
24.97875,0.849165,2,29.785,0,0,1,63.37484,-1625.891,3045.881
24.737,0.8433041,2,30.22711,0,0,1,63.3988,-1626.155,3046.156
24.49649,0.8397912,2,30.62438,0,0,1,63.42267,-1626.42,3046.426
24.25807,0.8370169,2,30.98021,0,0,1,63.44635,-1626.685,3046.69
24.0215,0.8344681,2,28.00068,0,0,1,63.46987,-1626.949,3046.951
23.79634,0.832566,2,25.25483,0,0,1,63.49384,-1627.22,3047.213
23.71541,0.8302124,2,22.76969,0,0,1,63.51789,-1627.493,3047.474
23.63932,0.8272729,2,20.56111,0,0,1,63.54158,-1627.764,3047.728
23.56146,0.8257983,2,18.55558,0,0,1,63.56538,-1628.037,3047.98
23.48723,0.8261327,2,16.73205,0,0,1,63.58936,-1628.314,3048.233
23.41914,0.8329081,2,14.57513,0,1,1,63.62078,-1628.677,3048.56
23.19585,0.8270334,2,13.23878,0,1,1,63.64318,-1628.932,3048.788
22.95775,0.8224069,2,11.93998,0,1,1,63.6672,-1629.204,3049.03
22.71902,0.8174615,2,10.76116,0,1,1,63.69142,-1629.476,3049.271
22.48025,0.812367,2,9.694543,0,1,1,63.71578,-1629.746,3049.509
22.24384,0.8079247,2,8.740045,0,1,1,63.74002,-1630.013,3049.744
21.99986,0.8036666,2,7.849147,0,1,1,63.76516,-1630.286,3049.986
21.76075,0.7992799,2,7.062541,0,1,1,63.78991,-1630.554,3050.22
21.5207,0.794419,2,6.349464,0,1,1,63.81488,-1630.82,3050.454
21.28274,0.7892281,2,5.711537,0,1,1,63.83979,-1631.083,3050.684
21.10387,0.7835867,2,5.129807,0,1,1,63.8651,-1631.348,3050.914
20.86702,0.7778502,2,4.612571,0,1,1,63.89021,-1631.606,3051.138
20.62601,0.7721693,2,4.137382,0,1,1,63.91592,-1631.868,3051.365
20.38659,0.7661439,2,3.712116,0,1,1,63.94164,-1632.126,3051.589
20.14675,0.7599167,2,3.3282,0,1,1,63.96759,-1632.382,3051.811
19.90997,0.7535221,2,2.986829,0,1,1,63.99338,-1632.634,3052.028
19.66862,0.7470737,2,2.673115,0,1,1,64.01987,-1632.888,3052.247
19.42904,0.7402965,2,2.393085,0,1,1,64.04636,-1633.138,3052.463
19.19014,0.7338943,2,2.141975,0,1,1,64.07295,-1633.385,3052.676
18.95003,0.7267796,2,1.91495,0,1,1,64.09989,-1633.631,3052.888
18.71075,0.7194634,2,1.71166,0,1,1,64.12695,-1633.874,3053.097
18.46721,0.7120423,2,1.525754,0,1,1,64.15472,-1634.119,3053.308
18.23144,0.704434,2,1.364488,0,1,1,64.18182,-1634.353,3053.509
17.99489,0.6971622,2,1.21907,0,1,1,64.20922,-1634.586,3053.71
17.75307,0.6899086,2,1.085591,0,1,1,64.23745,-1634.822,3053.913
17.51386,0.6828157,2,0.9674437,0,1,1,64.26558,-1635.053,3054.112
17.27411,0.6759823,2,0.8614287,0,1,1,64.29397,-1635.282,3054.309
17.03715,0.6688724,2,0.7676813,0,1,1,64.32224,-1635.506,3054.502
16.80004,0.6621942,2,0.6837123,0,1,1,64.35071,-1635.729,3054.694
16.55653,0.655319,2,0.6065534,0,1,1,64.38015,-1635.954,3054.888
16.3165,0.6482812,2,0.5387651,0,1,1,64.40937,-1636.175,3055.078
16.07999,0.6324822,2,0.4791622,0,1,0.1,64.43836,-1636.389,3055.263
15.84276,0.616635,1,-3.397155,0,1,0.1316312,64.46763,-1636.603,3055.447
15.59807,0.6002901,1,-6.965268,0,1,0.1642558,64.49801,-1636.82,3055.634
15.35953,0.5843551,1,-10.0559,0,1,0.1960622,64.52782,-1637.03,3055.815
15.12045,0.5683845,1,-12.81488,0,1,0.2279396,64.55789,-1637.238,3055.995
14.88107,0.5523946,1,-15.27312,0,1,0.2598556,64.58817,-1637.444,3056.173
14.64197,0.5364227,1,-17.45686,0,1,0.2917356,64.61861,-1637.647,3056.349
14.40313,0.5204682,1,-19.39621,0,1,0.323581,64.64919,-1637.849,3056.523
14.16629,0.5046472,1,-17.17255,0,1,0.3551598,64.6797,-1638.046,3056.693
13.92313,0.4884041,1,-15.14284,0,1,0.3875812,64.71121,-1638.246,3056.866
13.68646,0.4725942,1,-13.39303,0,1,0.4191378,64.74207,-1638.439,3057.032
13.44541,0.4564919,1,-11.81019,0,1,0.4512782,64.7737,-1638.633,3057.2
13.2063,0.4641645,1,-10.41964,0,1,0.4831594,64.80526,-1638.823,3057.363
12.96566,0.4802392,1,-9.179629,0,1,0.5152446,64.83722,-1639.012,3057.526
12.72877,0.4960634,1,-8.099552,0,1,0.5468298,64.86887,-1639.196,3057.684
12.49188,0.5118879,1,-7.142518,0,1,0.5784156,64.90072,-1639.377,3057.84
12.25447,0.5277464,1,-6.293184,0,1,0.6100695,64.93282,-1639.557,3057.994
12.01029,0.5440579,1,-5.520202,0,1,0.6426272,64.96604,-1639.74,3058.15
11.77176,0.5599916,1,-4.854967,0,1,0.674431,64.99868,-1639.916,3058.3
11.53169,0.5760283,1,-4.263618,0,1,0.7064404,65.03173,-1640.09,3058.449
11.29145,0.592076,1,-3.741741,0,1,0.7384719,65.06499,-1640.263,3058.596
11.05411,0.6079307,1,-3.287361,0,1,0.7701179,65.09805,-1640.431,3058.74
10.81299,0.6240377,1,-2.880145,0,1,0.8022677,65.13181,-1640.6,3058.883
10.53001,0.6429408,1,-2.459705,0,1,0.8399985,65.17168,-1640.796,3059.048
10.33462,0.6559927,1,-2.210648,0,1,0.8660501,65.19936,-1640.93,3059.161
10.09698,0.671867,1,-1.937525,0,1,0.8977352,65.23319,-1641.09,3059.296
9.85498,0.6880325,1,-1.692807,0,1,0.9300019,65.26782,-1641.25,3059.431
9.613393,0.7041705,1,-1.47855,0,1,0.9622135,65.30257,-1641.409,3059.564
9.374307,0.7201415,1,-1.292646,0,1,0.9940916,65.33712,-1641.563,3059.694
9.138364,0.7359025,1,-1.131663,0,1,1,65.37139,-1641.714,3059.821
8.897301,0.7520055,1,-0.9871435,0,1,1,65.40657,-1641.865,3059.948
8.608007,0.7439442,1,-0.8352909,0,1,1,65.449,-1642.045,3060.099
8.420801,0.7323308,1,-0.7518119,0,1,1,65.47659,-1642.159,3060.196
8.178848,0.7247928,1,-0.6544547,0,1,1,65.51237,-1642.305,3060.319
7.938244,0.7153907,1,-0.5699093,0,1,1,65.54809,-1642.448,3060.44
7.701986,0.7060598,1,-0.4973886,0,1,1,65.58331,-1642.587,3060.557
7.462154,0.6968812,1,-0.4329404,0,1,1,65.61919,-1642.726,3060.675
7.225429,0.6874989,1,-0.3773956,0,1,1,65.65475,-1642.861,3060.79
6.990005,0.6781477,1,-0.3290929,0,1,1,65.69025,-1642.994,3060.902
6.752439,0.6687832,1,-0.2864565,0,1,1,65.72622,-1643.125,3061.014
6.503097,0.6592635,1,-0.2473814,0,1,1,65.76411,-1643.261,3061.13
6.265749,0.6491944,1,-0.2151527,0,1,1,65.80034,-1643.389,3061.239
6.025318,0.6395191,1,-0.186668,0,1,1,65.83718,-1643.516,3061.348
5.785644,0.6296377,1,-0.1619522,0,1,1,65.87405,-1643.64,3061.455
5.548345,0.6197218,1,-0.1406525,0,1,1,65.91071,-1643.761,3061.56
5.306192,0.6099214,1,-0.1217153,0,1,1,65.94827,-1643.883,3061.665
5.067399,0.5998874,1,-0.1055022,0,1,1,65.98546,-1644.001,3061.766
4.828113,0.5899198,1,-0.09137428,0,1,1,66.02287,-1644.117,3061.867
4.588337,0.5797454,1,-0.07907283,0,1,1,66.06052,-1644.231,3061.966
4.349597,0.5693972,1,-0.06843805,0,1,1,66.09817,-1644.342,3062.063
4.110658,0.5588685,1,-0.05919474,0,1,1,66.136,-1644.452,3062.158
3.870727,0.5484161,1,-0.05113973,0,1,1,66.17415,-1644.559,3062.251
3.633122,0.5377051,1,-0.04422471,0,1,1,66.21209,-1644.664,3062.343
3.396005,0.526965,1,-0.03823657,0,1,1,66.25011,-1644.766,3062.432
3.153139,0.516017,1,-0.03291529,0,1,1,66.28924,-1644.868,3062.521
2.913311,0.5049743,1,-0.02837608,0,1,1,66.32804,-1644.967,3062.607
2.674033,0.4938031,1,-0.02445805,0,1,0.9876062,66.36693,-1645.063,3062.691
2.435458,0.4829219,1,-0.02107943,0,1,0.9658438,66.40587,-1645.157,3062.774
2.194479,0.4714599,1,-0.01812852,0,1,0.9429198,66.44536,-1645.249,3062.855
1.95576,0.4555135,1,-0.01560614,0,1,0.911027,66.48464,-1645.339,3062.934
1.715222,0.4394456,1,-0.01341105,0,1,0.8788912,66.52438,-1645.427,3063.011
1.477693,0.4235786,1,-0.01154212,0,1,0.8471573,66.56378,-1645.512,3063.086
1.237616,0.4075415,1,-0.009911106,0,1,0.8150831,66.60377,-1645.596,3063.16
0.9978699,0.3915265,1,-0.008507866,0,1,0.7830529,66.64386,-1645.678,3063.231
0.7615119,0.3757378,1,-0.007316396,0,1,0.7514755,66.68354,-1645.756,3063.3
0.5193744,0.359563,1,-0.006263307,0,1,0.7191259,66.72437,-1645.834,3063.369
0.2827374,0.3437556,1,-0.00537938,0,1,0.6875112,66.76441,-1645.908,3063.434
0.04637945,0.3279669,1,-0.004618682,0,1,0.6559338,66.80457,-1645.98,3063.497
0,0.3116897,1,-0.00394322,0,1,0.6233794,66.84614,-1646.052,3063.561
0,0.2956635,1,-0.003373602,0,1,0.591327,66.88722,-1646.121,3063.622
0,0.279813,1,-0.002890073,0,1,0.5596259,66.92801,-1646.187,3063.68
0,0.2638144,1,-0.002470665,0,1,0.5276288,66.96933,-1646.252,3063.737
0,0.2478391,1,-0.002111509,0,1,0.4956783,67.01075,-1646.314,3063.792
0,0.2318214,1,-0.001802775,0,1,0.4636427,67.05244,-1646.374,3063.846
0,0.2157546,1,-0.001537541,0,1,0.4315092,67.09442,-1646.433,3063.898
0,0.2,1,-0.001314339,0,1,0.4,67.13586,-1646.488,3063.947
0,0.2,1,-0.00111183,0,1,0.4,67.17988,-1646.545,3063.998
0,0.2,1,-0.0009482838,0,1,0.4,67.22192,-1646.596,3064.043
0,0.2,1,-0.0008068333,0,1,0.4,67.26458,-1646.646,3064.088
0,0.2,1,-0.0006875238,0,1,0.4,67.30689,-1646.693,3064.13
0,0.2,1,-0.0005851131,0,1,0.4,67.34954,-1646.738,3064.171
0,0.2,1,-0.0004973463,0,1,0.4,67.39251,-1646.781,3064.21
0,0.2,1,-0.0004222727,0,1,0.4,67.43578,-1646.822,3064.247
0,0.2,1,-0.0003590775,0,1,0.4,67.4787,-1646.861,3064.282
0,0.2,1,-0.0003044005,0,1,0.4,67.52239,-1646.898,3064.316
0,0.2,1,-0.0002582414,0,1,0.4,67.56593,-1646.933,3064.347
0,0.2,1,-0.0002197441,0,1,0.4,67.60874,-1646.965,3064.377
0,0.2,1,-0.0001857705,0,1,0.4,67.65317,-1646.995,3064.405
0,0.2,1,-0.0001575407,0,1,0.4,67.69685,-1647.023,3064.431
0,0.2,1,-0.0001334912,0,0,0.1,67.74077,-1647.052,3064.456
0,0.2,1,-0.0001126862,0,0,0.1,67.78555,-1647.082,3064.48
0,0.2,1,-9.569321E-05,0,0,0.1,67.82883,-1647.11,3064.502
0.2407395,0.2,1,-8.092222E-05,0,0,0.1,67.87307,-1647.14,3064.524
0.480546,0.2,1,-6.847516E-05,0,0,0.1,67.91711,-1647.169,3064.545
0.7202205,0.2,1,-5.794458E-05,0,0,0.1,67.96108,-1647.198,3064.566
0.9569041,0.2,1,-4.914138E-05,0,0,0.1,68.00448,-1647.227,3064.585
1.199904,0.2,1,-4.147346E-05,0,0,0.1,68.049,-1647.257,3064.605
1.436192,0.2,1,-3.517829E-05,0,0,0.1,68.09225,-1647.285,3064.623
1.677198,0.2,1,-2.972987E-05,0,0,0.1,68.13634,-1647.314,3064.642
1.918739,0.2,1,-2.511323E-05,0,0,0.1,68.1805,-1647.343,3064.66
2.153858,0.2,1,-2.131561E-05,0,0,0.1,68.22346,-1647.371,3064.677
2.151628,0.2,1,-1.79499E-05,0,0,0.1,68.26826,-1647.4,3064.695
2.121835,0.2,1,-1.518365E-05,0,0,0.1,68.31194,-1647.427,3064.712
2.091393,0.2,1,-1.282584E-05,0,0,0.1,68.35591,-1647.455,3064.729
2.062524,0.2,1,-1.085713E-05,0,0,0.1,68.39932,-1647.482,3064.746
2.034186,0.2,1,-9.171892E-06,0,0,0.1,68.44318,-1647.509,3064.762
2.007097,0.2,1,-7.757166E-06,0,0,0.1,68.4867,-1647.536,3064.778
1.981369,0.2,1,-6.564749E-06,0,0,0.1,68.53004,-1647.562,3064.794
1.957307,0.2,1,-5.517877E-06,0,0,0.1,68.57494,-1647.589,3064.811
1.933934,0.2,1,-4.661571E-06,0,0,0.1,68.6186,-1647.615,3064.826
1.910356,0.2,1,-3.938057E-06,0,0,0.1,68.66221,-1647.64,3064.841
1.887249,0.2,1,-3.343914E-06,0,0,0.1,68.70456,-1647.665,3064.855
1.864062,0.2,1,-2.820406E-06,0,0,0.1,68.74847,-1647.69,3064.869
1.841467,0.2,1,-2.375642E-06,0,0,0.1,68.79264,-1647.715,3064.884
1.817627,0.2,1,-2.008326E-06,0,0,0.1,68.8359,-1647.74,3064.897
1.793349,0.2,1,-1.699749E-06,0,0,0.1,68.87885,-1647.764,3064.91
1.768814,0.2,1,-1.436231E-06,0,0,0.1,68.92213,-1647.787,3064.923
1.743849,0.2,1,-1.214443E-06,0,0,0.1,68.96521,-1647.811,3064.936
1.718368,0.2,1,-1.027374E-06,0,0,0.1,69.00813,-1647.834,3064.948
1.692304,0.2,1,-8.652869E-07,0,0,0.1,69.05205,-1647.858,3064.959
1.666273,0.2,1,-7.315533E-07,0,0,0.1,69.09502,-1647.881,3064.971
1.6394,0.2,1,-6.178787E-07,0,0,0.1,69.13819,-1647.903,3064.982
1.612708,0.2,1,-5.221854E-07,0,0,0.1,69.18117,-1647.926,3064.993
1.585254,0.2,1,-4.406776E-07,0,0,0.1,69.22443,-1647.948,3065.003
1.557342,0.2,1,-3.723915E-07,0,0,0.1,69.26734,-1647.97,3065.013
1.527895,0.2,1,-3.141391E-07,0,0,0.1,69.31062,-1647.991,3065.023
1.50382,0.2,1,-2.656394E-07,0,0,0.1,69.35329,-1648.013,3065.032
1.483736,0.2,1,-2.24222E-07,0,0,0.1,69.39633,-1648.034,3065.042
1.463973,0.2,1,-1.890906E-07,0,0,0.1,69.43954,-1648.054,3065.05
1.443859,0.2,1,-1.594965E-07,0,0,0.1,69.48267,-1648.075,3065.058
1.42273,0.2,1,-1.347433E-07,0,0,0.1,69.52538,-1648.095,3065.066
1.40194,0.2,1,-1.139659E-07,0,0,0.1,69.56777,-1648.114,3065.073
1.380306,0.2,1,-9.580964E-08,0,0,0.1,69.61153,-1648.134,3065.081
1.358275,0.2,1,-8.085214E-08,0,0,0.1,69.65437,-1648.153,3065.088
1.33443,0.2,1,-6.815903E-08,0,0,0.1,69.6974,-1648.172,3065.095
1.311515,0.2,1,-5.759149E-08,0,0,0.1,69.73986,-1648.19,3065.102
1.287007,0.2,1,-4.860272E-08,0,0,0.1,69.78255,-1648.208,3065.108
1.262362,0.2,1,-4.099549E-08,0,0,0.1,69.82533,-1648.226,3065.114
1.23654,0.2,1,-3.454864E-08,0,0,0.1,69.86827,-1648.243,3065.12
1.210003,0.2,1,-2.916397E-08,0,0,0.1,69.91077,-1648.26,3065.126
1.182736,0.2,1,-2.461022E-08,0,0,0.1,69.95332,-1648.276,3065.132
1.155151,0.2,1,-2.080318E-08,0,0,0.1,69.99542,-1648.292,3065.137
1.1267,0.2,1,-1.748441E-08,0,0,0.1,70.0388,-1648.307,3065.143
1.097814,0.2,1,-1.474333E-08,0,0,0.1,70.08138,-1648.322,3065.148
1.068408,0.2,1,-1.24461E-08,0,0,0.1,70.12366,-1648.337,3065.154
1.018002,0.2,1,-1.047137E-08,0,0,0.1,70.16667,-1648.351,3065.16
0.9767064,0.2,1,-8.831067E-09,0,0,0.1,70.20908,-1648.364,3065.166
0.9403523,0.2,1,-7.451142E-09,0,0,0.1,70.25134,-1648.377,3065.171
0.9207401,0.2,1,-6.275762E-09,0,0,0.1,70.29396,-1648.39,3065.177
0.9032742,0.2,1,-5.290401E-09,0,0,0.1,70.33634,-1648.401,3065.182
0.8638524,0.2,1,-4.462955E-09,0,0,0.1,70.37856,-1648.41,3065.185
0.7276376,0.2,1,-3.753108E-09,0,0,0.1,70.42152,-1648.417,3065.188
0.5932704,0.2,1,-3.156692E-09,0,0,0.1,70.46445,-1648.422,3065.189
0.4706222,0.2,1,-2.656828E-09,0,0,0.1,70.50723,-1648.426,3065.19
0.3660538,0.2159842,1,-2.234819E-09,-1,0,0.1,70.55012,-1648.429,3065.19
0.2860815,0.2319691,0,-1.879302E-09,-1,0,0.131906,70.59307,-1648.431,3065.19
0.1971602,0.2479519,0,-1.579968E-09,-1,0,0.1638078,70.63606,-1648.432,3065.189
0.1120687,0.2638668,0,-1.329043E-09,-1,0,0.195574,70.67892,-1648.431,3065.187
0.02729916,0.2796088,0,-1.120242E-09,-1,0,0.2269952,70.72109,-1648.428,3065.183
0.1600304,0.2954533,0,-9.431003E-10,-1,0,0.2586208,70.76336,-1648.424,3065.179
0.273279,0.3113018,0,-7.93931E-10,-1,0,0.2902546,70.80545,-1648.418,3065.175
0.3826652,0.2954467,0,-6.683033E-10,0,0,0.1,70.84739,-1648.414,3065.171
0.4748651,0.2795755,0,-5.624474E-10,0,0,0.1,70.88945,-1648.411,3065.168
0.357664,0.2637342,0,-4.735262E-10,0,0,0.1,70.93147,-1648.409,3065.166
0.2660269,0.247713,0,-3.978131E-10,0,0,0.1,70.97401,-1648.408,3065.165
0.1879374,0.2318817,0,-3.349598E-10,0,0,0.1,71.01605,-1648.407,3065.163
0.1192805,0.2157928,0,-2.81176E-10,0,0,0.1,71.05878,-1648.407,3065.162
0.07001264,0.2,0,-2.365427E-10,0,0,0.1,71.101,-1648.407,3065.161
0.04196533,0.2,0,-1.985166E-10,0,0,0.1,71.14371,-1648.407,3065.16
0.02612387,0.2,0,-1.668429E-10,0,0,0.1,71.18607,-1648.407,3065.16
0.0165342,0.2,0,-1.402808E-10,0,0,0.1,71.22827,-1648.408,3065.159
0.01106537,0.2,0,-1.178607E-10,0,0,0.1,71.27058,-1648.408,3065.158
0.01047551,0.2,0,-9.904707E-11,0,0,0.1,71.3128,-1648.408,3065.157
0.01006557,0.2,0,-8.337595E-11,0,0,0.1,71.35458,-1648.409,3065.157
0.009736588,0.2,0,-6.993615E-11,0,0,0.1,71.3971,-1648.409,3065.156
0.01050066,0.2,0,-5.879015E-11,0,0,0.1,71.43908,-1648.41,3065.155
0.01098678,0.2,0,-4.940883E-11,0,0,0.1,71.48106,-1648.41,3065.155
0.01260236,0.2,0,-4.15307E-11,0,0,0.1,71.52295,-1648.411,3065.154
0.01365702,0.2,0,-3.489986E-11,0,0,0.1,71.56483,-1648.411,3065.153
0.01512883,0.2,0,-2.932471E-11,0,0,0.1,71.60669,-1648.411,3065.152
0.01593669,0.2,0,-2.465E-11,0,0,0.1,71.6484,-1648.412,3065.151
0.01722492,0.2,0,-2.072259E-11,0,0,0.1,71.69003,-1648.413,3065.151
0.01801908,0.2,0,-1.741075E-11,0,0,0.1,71.73174,-1648.413,3065.15
0.01872015,0.2,0,-1.464837E-11,0,0,0.1,71.77309,-1648.414,3065.149
0.01972496,0.2,0,-1.233588E-11,0,0,0.1,71.81417,-1648.414,3065.148
0.02205316,0.2,0,-1.033287E-11,0,0,0.1,71.85637,-1648.415,3065.148
0.02440299,0.2,0,-8.679188E-12,0,0,0.1,71.89791,-1648.415,3065.147
0.02623609,0.2,0,-7.295105E-12,0,0,0.1,71.93925,-1648.416,3065.146
0.02819933,0.2,0,-6.144469E-12,0,0,0.1,71.98008,-1648.416,3065.146
0.03004596,0.2,0,-5.155336E-12,0,0,0.1,72.02169,-1648.417,3065.145
0.03166671,0.2,0,-4.341197E-12,0,0,0.1,72.06245,-1648.418,3065.144
0.03269208,0.2,0,-3.65165E-12,0,0,0.1,72.1034,-1648.418,3065.144
0.03374399,0.2,0,-3.072661E-12,0,0,0.1,72.14422,-1648.419,3065.143
0.03422774,0.2,0,-2.587314E-12,0,0,0.1,72.18483,-1648.419,3065.143
0.03436559,0.2,0,-2.161674E-12,0,0,0.1,72.22707,-1648.42,3065.143
0.03453996,0.2,0,-1.818648E-12,0,0,0.1,72.26775,-1648.421,3065.143
0.03266734,0.2,0,-1.528369E-12,0,0,0.1,72.30862,-1648.421,3065.142
0.03186144,0.2,0,-1.286433E-12,0,0,0.1,72.3491,-1648.422,3065.142
0.03030336,0.2,0,-1.079357E-12,0,0,0.1,72.39021,-1648.422,3065.142
0.02871789,0.2,0,-9.072821E-13,0,0,0.1,72.43086,-1648.422,3065.142
0.02819114,0.2,0,-7.622258E-13,0,0,0.1,72.47159,-1648.422,3065.142
0,0.2,0,-6.417545E-13,0,0,0.1,72.5118,-1648.422,3065.142
0,0.2,0,-5.396135E-13,0,0,0.1,72.55223,-1648.422,3065.142
0,0.2,0,-4.547863E-13,0,0,0.1,72.59211,-1648.422,3065.142
0,0.2,0,-3.825466E-13,0,0,0.1,72.63235,-1648.422,3065.142
0,0.2,0,-3.220622E-13,0,0,0.1,72.67236,-1648.422,3065.142
0,0.2,0,-2.702478E-13,0,0,0.1,72.71302,-1648.422,3065.142
0,0.2,0,-2.274438E-13,0,0,0.1,72.753,-1648.422,3065.142
0,0.2,0,-1.914142E-13,0,0,0.1,72.79292,-1648.422,3065.142
0,0.2,0,-1.604105E-13,0,0,0.1,72.83369,-1648.422,3065.142
0,0.2,0,-1.34975E-13,0,0,0.1,72.87354,-1648.422,3065.142
0,0.2,0,-1.133268E-13,0,0,0.1,72.9138,-1648.422,3065.142
0,0.2,0,-9.525215E-14,0,0,0.1,72.95378,-1648.422,3065.142
0,0.2,0,-8.005859E-14,0,0,0.1,72.99371,-1648.422,3065.142
0,0.2,0,-6.685788E-14,0,0,0.1,73.03493,-1648.422,3065.142
0,0.2,0,-5.621986E-14,0,0,0.1,73.07466,-1648.422,3065.142
0,0.2,0,-4.731081E-14,0,0,0.1,73.11417,-1648.422,3065.142
0,0.2,0,-3.96923E-14,0,0,0.1,73.15427,-1648.422,3065.142
0,0.2,0,-3.336968E-14,0,0,0.1,73.19387,-1648.422,3065.142
0,0.2,0,-2.80378E-14,0,0,0.1,73.23355,-1648.422,3065.142
0,0.2,0,-2.359518E-14,0,0,0.1,73.27285,-1648.422,3065.142
0,0.2,0,-1.984858E-14,0,0,0.1,73.31217,-1648.422,3065.142
0,0.2,0,-1.670805E-14,0,0,0.1,73.35131,-1648.422,3065.142
0,0.2,0,-1.406701E-14,0,0,0.1,73.39035,-1648.422,3065.142
0,0.2,0,-1.182407E-14,0,0,0.1,73.42969,-1648.422,3065.142
0,0.2,0,-9.938568E-15,0,0,0.1,73.46897,-1648.422,3065.142
0,0.2,0,-8.345793E-15,0,0,0.1,73.5084,-1648.422,3065.142
0,0.2,0,-7.018987E-15,0,0,0.1,73.54745,-1648.422,3065.142
0,0.2,0,-5.906393E-15,0,0,0.1,73.58635,-1648.422,3065.142
0,0.2,0,-4.956781E-15,0,0,0.1,73.62575,-1648.422,3065.142
0,0.2,0,-4.172554E-15,0,0,0.1,73.66447,-1648.422,3065.142
0,0.2,0,-3.499446E-15,0,0,0.1,73.70389,-1648.422,3065.142
0,0.2,0,-2.941886E-15,0,0,0.1,73.74277,-1648.422,3065.142
0,0.2,0,-2.475827E-15,0,0,0.1,73.78138,-1648.422,3065.142
0,0.2,0,-2.076094E-15,0,0,0.1,73.82068,-1648.422,3065.142
0,0.2,0,-1.748296E-15,0,0,0.1,73.85906,-1648.422,3065.142
0,0.2,0,-1.467544E-15,0,0,0.1,73.89804,-1648.422,3065.142
0,0.2,0,-1.233359E-15,0,0,0.1,73.93673,-1648.422,3065.142
0,0.2,0,-1.006262E-15,0,0,0.1,73.98131,-1648.422,3065.142
0,0.2,0,-8.707396E-16,0,0,0.1,74.01386,-1648.422,3065.142
0,0.2,0,-7.314196E-16,0,0,0.1,74.0525,-1648.422,3065.142
0,0.2,0,-6.14821E-16,0,0,0.1,74.09093,-1648.422,3065.142
0,0.2,0,-5.168683E-16,0,0,0.1,74.1293,-1648.422,3065.142
0,0.2,0,-4.341663E-16,0,0,0.1,74.16778,-1648.422,3065.142
0,0.2,0,-3.648847E-16,0,0,0.1,74.2061,-1648.422,3065.142
0,0.2,0,-3.070935E-16,0,0,0.1,74.24408,-1648.422,3065.142
0,0.2,0,-2.475896E-16,0,0,0.1,74.29049,-1648.422,3065.142
0,0.2,0,-2.171085E-16,0,0,0.1,74.31992,-1648.422,3065.142
0,0.2,0,-1.815935E-16,0,0,0.1,74.359,-1648.422,3065.142
0,0.2,0,-1.525583E-16,0,0,0.1,74.39714,-1648.422,3065.142
0,0.2,0,-1.285784E-16,0,0,0.1,74.43459,-1648.422,3065.142
0,0.2,0,-1.078886E-16,0,0,0.1,74.47287,-1648.422,3065.142
0,0.2,0,-9.083931E-17,0,0,0.1,74.51041,-1648.422,3065.142
0,0.2,0,-7.642056E-17,0,0,0.1,74.54808,-1648.422,3065.142
0,0.2,0,-6.40629E-17,0,0,0.1,74.5864,-1648.422,3065.142
0,0.2,0,-5.388311E-17,0,0,0.1,74.624,-1648.422,3065.142
0,0.2,0,-4.525168E-17,0,0,0.1,74.66186,-1648.422,3065.142
0,0.2,0,-3.806888E-17,0,0,0.1,74.69932,-1648.422,3065.142
0,0.2,0,-3.195209E-17,0,0,0.1,74.73718,-1648.422,3065.142
0,0.2,0,-2.685778E-17,0,0,0.1,74.77471,-1648.422,3065.142
0,0.2,0,-2.260461E-17,0,0,0.1,74.81194,-1648.422,3065.142
0,0.2,0,-1.903369E-17,0,0,0.1,74.84901,-1648.422,3065.142
0,0.2,0,-1.601261E-17,0,0,0.1,74.88622,-1648.422,3065.142
0,0.2,0,-1.348071E-17,0,0,0.1,74.92324,-1648.422,3065.142
0,0.2,0,-1.126018E-17,0,0,0.1,74.96175,-1648.422,3065.142
0,0.2,0,-9.466703E-18,0,0,0.1,74.99895,-1648.422,3065.142
0,0.2,0,-7.954757E-18,0,0,0.1,75.03619,-1648.422,3065.142
0,0.2,0,-6.693475E-18,0,0,0.1,75.0731,-1648.422,3065.142
0,0.2,0,-5.614453E-18,0,0,0.1,75.1106,-1648.422,3065.142
0,0.2,0,-4.720525E-18,0,0,0.1,75.14758,-1648.422,3065.142
0,0.2,0,-3.967809E-18,0,0,0.1,75.18456,-1648.422,3065.142
0,0.2,0,-3.334817E-18,0,0,0.1,75.2215,-1648.422,3065.142
0,0.2,0,-2.803934E-18,0,0,0.1,75.25832,-1648.422,3065.142
0,0.2,0,-2.353953E-18,0,0,0.1,75.29539,-1648.422,3065.142
0,0.2,0,-1.980056E-18,0,0,0.1,75.33204,-1648.422,3065.142
0,0.2,0,-1.663336E-18,0,0,0.1,75.36889,-1648.422,3065.142
0,0.2,0,-1.400223E-18,0,0,0.1,75.40528,-1648.422,3065.142
0,0.2,0,-1.178955E-18,0,0,0.1,75.44159,-1648.422,3065.142
0,0.2,0,-9.88112E-19,0,0,0.1,75.47874,-1648.422,3065.142
0,0.2,0,-8.302908E-19,0,0,0.1,75.51534,-1648.422,3065.142
0,0.2,0,-6.977955E-19,0,0,0.1,75.55185,-1648.422,3065.142
0,0.2,0,-5.868844E-19,0,0,0.1,75.58817,-1648.422,3065.142
0,0.2,0,-4.940411E-19,0,0,0.1,75.62428,-1648.422,3065.142
0,0.2,0,-4.158798E-19,0,0,0.1,75.66033,-1648.422,3065.142
0,0.2,0,-3.466362E-19,0,0,0.1,75.69823,-1648.422,3065.142
0,0.2,0,-2.91718E-19,0,0,0.1,75.73425,-1648.422,3065.142
0,0.2,0,-2.455714E-19,0,0,0.1,75.77016,-1648.422,3065.142
0,0.2,0,-2.057515E-19,0,0,0.1,75.80692,-1648.422,3065.142
0,0.2,0,-1.73043E-19,0,0,0.1,75.8429,-1648.422,3065.142
0,0.2,0,-1.456875E-19,0,0,0.1,75.87865,-1648.422,3065.142
0,0.2,0,-1.225593E-19,0,0,0.1,75.91449,-1648.422,3065.142
0,0.2,0,-1.02461E-19,0,0,0.1,75.95147,-1648.422,3065.142
0,0.2,0,-8.615058E-20,0,0,0.1,75.98731,-1648.422,3065.142
0,0.2,0,-7.236718E-20,0,0,0.1,76.02329,-1648.422,3065.142
0,0.2,0,-6.086268E-20,0,0,0.1,76.05899,-1648.422,3065.142
0,0.2,0,-5.117175E-20,0,0,0.1,76.0947,-1648.422,3065.142
0,0.2,0,-4.306369E-20,0,0,0.1,76.13019,-1648.422,3065.142
0,0.2,0,-3.608246E-20,0,0,0.1,76.16645,-1648.422,3065.142
0,0.2,0,-3.036404E-20,0,0,0.1,76.20185,-1648.422,3065.142
0,0.2,0,-2.555046E-20,0,0,0.1,76.23721,-1648.422,3065.142
0,0.2,0,-2.142823E-20,0,0,0.1,76.27316,-1648.422,3065.142
0,0.2,0,-1.802193E-20,0,0,0.1,76.30852,-1648.422,3065.142
0,0.2,0,-1.514321E-20,0,0,0.1,76.344,-1648.422,3065.142
0,0.2,0,-1.275104E-20,0,0,0.1,76.37905,-1648.422,3065.142
0,0.2,0,-1.072695E-20,0,0,0.1,76.41422,-1648.422,3065.142
0,0.2,0,-8.991215E-21,0,0,0.1,76.45003,-1648.422,3065.142
0,0.2,0,-7.555148E-21,0,0,0.1,76.48532,-1648.422,3065.142
0,0.2,0,-6.533442E-21,0,0,0.1,76.51517,-1648.422,3065.142
0,0.2,0,-5.644848E-21,0,0,0.1,76.54515,-1648.422,3065.142
0,0.2,0,-4.707081E-21,0,0,0.1,76.58173,-1648.422,3065.142
0,0.2,0,-3.961479E-21,0,0,0.1,76.61656,-1648.422,3065.142
0,0.2,0,-3.297535E-21,0,0,0.1,76.65337,-1648.422,3065.142
0,0.2,0,-2.806763E-21,0,0,0.1,76.686,-1648.422,3065.142
0,0.2,0,-2.353055E-21,0,0,0.1,76.72141,-1648.422,3065.142
0,0.2,0,-1.97647E-21,0,0,0.1,76.75641,-1648.422,3065.142
0,0.2,0,-1.663601E-21,0,0,0.1,76.79099,-1648.422,3065.142
0,0.2,0,-1.396264E-21,0,0,0.1,76.82604,-1648.422,3065.142
0,0.2,0,-1.173671E-21,0,0,0.1,76.86077,-1648.422,3065.142
0,0.2,0,-9.862182E-22,0,0,0.1,76.89552,-1648.422,3065.142
0,0.2,0,-8.285239E-22,0,0,0.1,76.93025,-1648.422,3065.142
0,0.2,0,-6.964249E-22,0,0,0.1,76.96484,-1648.422,3065.142
0,0.2,0,-5.853145E-22,0,0,0.1,76.9994,-1648.422,3065.142
0,0.2,0,-4.919785E-22,0,0,0.1,77.03391,-1648.422,3065.142
0,0.2,0,-4.139576E-22,0,0,0.1,77.06818,-1648.422,3065.142
0,0.2,0,-3.484306E-22,0,0,0.1,77.10233,-1648.422,3065.142
0,0.2,0,-2.930772E-22,0,0,0.1,77.13657,-1648.422,3065.142
0,0.2,0,-2.467915E-22,0,0,0.1,77.17056,-1648.422,3065.142
0,0.2,0,-2.078372E-22,0,0,0.1,77.20449,-1648.422,3065.142
0,0.2,0,-1.749193E-22,0,0,0.1,77.23849,-1648.422,3065.142
0,0.2,0,-1.472324E-22,0,0,0.1,77.27242,-1648.422,3065.142
0,0.2,0,-1.239208E-22,0,0,0.1,77.30631,-1648.422,3065.142
0,0.2,0,-1.041229E-22,0,0,0.1,77.34047,-1648.422,3065.142
0,0.2,0,-8.754167E-23,0,0,0.1,77.37447,-1648.422,3065.142
0,0.2,0,-7.356801E-23,0,0,0.1,77.40851,-1648.422,3065.142
0,0.2,0,-6.192816E-23,0,0,0.1,77.4422,-1648.422,3065.142
0,0.2,0,-5.209477E-23,0,0,0.1,77.47597,-1648.422,3065.142
0,0.2,0,-4.387875E-23,0,0,0.1,77.50946,-1648.422,3065.142
0,0.2,0,-3.691537E-23,0,0,0.1,77.54312,-1648.422,3065.142
0,0.2,0,-3.085117E-23,0,0,0.1,77.57791,-1648.422,3065.142
0,0.2,0,-2.597196E-23,0,0,0.1,77.61137,-1648.422,3065.142
0,0.2,0,-2.184575E-23,0,0,0.1,77.64493,-1648.422,3065.142
0,0.2,0,-1.839713E-23,0,0,0.1,77.67823,-1648.422,3065.142
0,0.2,0,-1.547473E-23,0,0,0.1,77.71169,-1648.422,3065.142
0,0.2,0,-1.292768E-23,0,0,0.1,77.74632,-1648.422,3065.142
0,0.2,0,-1.088098E-23,0,0,0.1,77.77959,-1648.422,3065.142
0,0.2,0,-9.135859E-24,0,0,0.1,77.81324,-1648.422,3065.142
0,0.2,0,-7.676488E-24,0,0,0.1,77.84671,-1648.422,3065.142
0,0.2,0,-6.45119E-24,0,0,0.1,77.88011,-1648.422,3065.142
0,0.2,0,-5.423116E-24,0,0,0.1,77.91342,-1648.422,3065.142
0,0.2,0,-4.556773E-24,0,0,0.1,77.94676,-1648.422,3065.142
0,0.2,0,-3.83107E-24,0,0,0.1,77.97996,-1648.422,3065.142
0,0.2,0,-3.219336E-24,0,0,0.1,78.01319,-1648.422,3065.142
0,0.2,0,-2.705726E-24,0,0,0.1,78.04636,-1648.422,3065.142
0,0.2,0,-2.273446E-24,0,0,0.1,78.07952,-1648.422,3065.142
0,0.2,0,-1.911416E-24,0,0,0.1,78.11253,-1648.422,3065.142
0,0.2,0,-1.605906E-24,0,0,0.1,78.14562,-1648.422,3065.142
0,0.2,0,-1.352307E-24,0,0,0.1,78.17827,-1648.422,3065.142
0,0.2,0,-1.134393E-24,0,0,0.1,78.21154,-1648.422,3065.142
0,0.2,0,-9.532625E-25,0,0,0.1,78.24446,-1648.422,3065.142
0,0.2,0,-8.009978E-25,0,0,0.1,78.27735,-1648.422,3065.142
0,0.2,0,-6.735422E-25,0,0,0.1,78.31007,-1648.422,3065.142
0,0.2,0,-5.668255E-25,0,0,0.1,78.34261,-1648.422,3065.142
0,0.2,0,-4.771457E-25,0,0,0.1,78.37505,-1648.422,3065.142
0,0.2,0,-3.995542E-25,0,0,0.1,78.40836,-1648.422,3065.142
0,0.2,0,-3.358505E-25,0,0,0.1,78.44097,-1648.422,3065.142
0,0.2,0,-2.825534E-25,0,0,0.1,78.47339,-1648.422,3065.142
0,0.2,0,-2.378528E-25,0,0,0.1,78.50566,-1648.422,3065.142
0,0.2,0,-2.001439E-25,0,0,0.1,78.53796,-1648.422,3065.142
0,0.2,0,-1.685238E-25,0,0,0.1,78.57011,-1648.422,3065.142
0,0.2,0,-1.407259E-25,0,0,0.1,78.60362,-1648.422,3065.142
0,0.2,0,-1.183