Wheel Speed,RPM,Gear,Angle,Throttle,Braking,Clutch,Temp,X,Y
4.793915,0.2425411,1,0,0,0,0.4850823,40.04924,-1582.217,2954.835
4.772518,0.2260827,1,0,0,0,0.4521654,40.12968,-1582.216,2954.757
4.751291,0.2106799,1,0,0,0,0.4213597,40.20487,-1582.215,2954.685
4.729478,0.2,1,0,0,0,0.4,40.37784,-1582.213,2954.519
4.686184,0.2,1,0,0,0,0.4,40.44074,-1582.212,2954.458
4.663113,0.2,1,0,0,0,0.4,40.50803,-1582.212,2954.395
4.646806,0.2,1,0,0,0,0.4,40.58617,-1582.211,2954.32
4.629315,0.2,1,0,0,0,0.4,40.66326,-1582.21,2954.248
4.610618,0.2,1,0,0,0,0.4,40.74063,-1582.209,2954.175
4.583808,0.2,1,0,0,0,0.4,40.81798,-1582.208,2954.102
4.557785,0.2,1,0,0,0,0.4,40.89431,-1582.207,2954.031
4.535338,0.2,1,0,0,0,0.4,40.97333,-1582.206,2953.958
4.513113,0.2,1,0,0,0,0.4,41.05042,-1582.205,2953.886
4.490125,0.2,1,0,0,0,0.4,41.12691,-1582.204,2953.816
4.467727,0.2,1,0,0,0,0.4,41.2044,-1582.203,2953.745
4.444912,0.2,1,0,0,0,0.4,41.28098,-1582.202,2953.675
4.422794,0.2159741,1,0,1,0,0.4318844,41.35783,-1582.201,2953.603
4.449883,0.231732,1,0,1,0,0.4633374,41.43347,-1582.199,2953.532
4.538276,0.2476818,1,5.046713,1,0,0.4951732,41.50985,-1582.198,2953.458
4.629637,0.263471,1,9.301486,1,0,0.5266886,41.58526,-1582.195,2953.384
4.737241,0.2795335,1,12.99491,1,0,0.5587494,41.66178,-1582.19,2953.308
4.871292,0.2954429,1,16.10784,1,0,0.5905048,41.73736,-1582.184,2953.23
5.017519,0.3115125,1,18.78825,1,0,0.6225798,41.81349,-1582.177,2953.151
5.1726,0.32746,1,21.05224,1,0,0.6544112,41.88882,-1582.168,2953.07
5.341162,0.3435073,1,22.99405,1,0,0.6864416,41.96438,-1582.158,2952.987
5.578784,0.3593805,1,24.63038,1,0,0.7181246,42.03891,-1582.146,2952.904
5.819719,0.3754749,1,26.04678,1,0,0.7502492,42.11426,-1582.132,2952.818
6.018344,0.3913709,1,27.23854,1,0,0.7819778,42.18845,-1582.117,2952.732
6.176773,0.4073707,1,28.26293,1,0,0.8139136,42.26291,-1582.101,2952.643
6.336362,0.423411,1,29.13923,1,0,0.8459302,42.33731,-1582.083,2952.553
6.500692,0.4358887,1,29.88705,1,0,0.8717774,42.41151,-1582.063,2952.461
6.669577,0.4272978,1,30.51559,1,0,0.8545955,42.48436,-1582.042,2952.37
6.842995,0.443473,1,31.06619,1,0,0.8868815,42.55868,-1582.018,2952.274
7.01698,0.4334888,1,31.52644,1,0,0.8669775,42.63131,-1581.993,2952.18
7.19275,0.449702,1,31.92927,1,0,0.8993393,42.70534,-1581.966,2952.081
7.367618,0.4414846,1,32.26718,1,0,0.8829691,42.7779,-1581.937,2951.983
7.604231,0.4572903,1,32.55381,1,0,0.9145175,42.8496,-1581.907,2951.885
7.841125,0.4514418,1,32.7998,1,0,0.9028836,42.92115,-1581.874,2951.785
8.079382,0.4672908,1,33.01192,1,0,0.9345816,42.99289,-1581.84,2951.683
8.324416,0.4582121,1,28.22147,1,0,0.9164242,43.06642,-1581.802,2951.577
8.564143,0.4742258,1,24.22443,1,0,0.9483877,43.13811,-1581.764,2951.472
8.800647,0.4762082,1,20.84889,1,0,0.9524164,43.20855,-1581.724,2951.366
9.038384,0.4871543,1,17.93716,1,0,0.9743086,43.27908,-1581.682,2951.257
9.276217,0.4914311,1,15.43889,1,0,0.9828622,43.34933,-1581.64,2951.146
9.516664,0.5033388,1,13.27183,1,0,1,43.42006,-1581.596,2951.032
9.75359,0.5148109,1,11.44212,1,0,1,43.48943,-1581.553,2950.917
9.993374,0.5257926,1,9.850626,1,0,1,43.55935,-1581.508,2950.798
10.23177,0.5364236,1,8.492639,1,0,1,43.62856,-1581.462,2950.677
10.50265,0.5465993,1,7.166343,1,0,1,43.70688,-1581.411,2950.538
10.70922,0.5597762,1,6.315735,1,0,1,43.76633,-1581.37,2950.429
10.95061,0.5674915,1,5.441918,1,0,1,43.83557,-1581.323,2950.3
11.18774,0.5776352,1,4.704423,1,0,1,43.90332,-1581.276,2950.17
11.43186,0.5887381,1,4.049887,1,0,1,43.97279,-1581.226,2950.034
11.66857,0.6003794,1,3.505091,1,0,1,44.03989,-1581.177,2949.9
11.91562,0.6122893,1,3.014319,1,0,1,44.10966,-1581.126,2949.758
12.1555,0.6247004,1,2.605704,1,0,1,44.17712,-1581.075,2949.618
12.42994,0.6373637,1,2.202698,1,0,1,44.25402,-1581.016,2949.455
12.63248,0.6508935,1,-1.950642,1,0,1,44.31051,-1580.971,2949.332
12.87337,0.6625982,1,-6.318696,1,0,1,44.37749,-1580.919,2949.185
13.11237,0.6732581,1,-10.05818,1,0,1,44.4437,-1580.866,2949.036
13.35374,0.6846119,1,-13.3228,1,0,1,44.51035,-1580.812,2948.884
13.59301,0.6960053,1,-16.11733,1,0,1,44.57621,-1580.76,2948.731
13.83099,0.7074521,1,-18.52177,1,0,1,44.6415,-1580.707,2948.577
14.06798,0.7189907,1,-20.5956,1,0,1,44.70632,-1580.655,2948.422
14.31166,0.730638,1,-22.44417,0,0,1,44.77277,-1580.601,2948.264
14.07394,0.7147581,1,-24.00585,0,0,1,44.83756,-1580.548,2948.11
13.8352,0.6988107,1,-25.36882,0,0,1,44.90259,-1580.495,2947.957
13.5984,0.6829925,1,-26.54283,0,0,1,44.96707,-1580.443,2947.806
13.36077,0.667119,1,-27.56701,0,0,1,45.03173,-1580.39,2947.656
13.1241,0.6513094,1,-28.45321,0,0,1,45.09611,-1580.339,2947.506
12.88266,0.6351813,1,-29.23897,0,0,1,45.16174,-1580.286,2947.355
12.64381,0.6192257,1,-29.91247,0,0,1,45.22664,-1580.236,2947.205
12.40401,0.6032075,1,-30.49916,0,0,1,45.29177,-1580.186,2947.056
12.16577,0.5969647,1,-31.00458,0,0,1,45.35643,-1580.138,2946.908
11.92577,0.5951086,1,-31.44643,0,0,1,45.42155,-1580.092,2946.759
11.68894,0.5929959,1,-31.82431,0,0,1,45.48577,-1580.047,2946.612
11.44695,0.590804,1,-32.15959,0,0,1,45.55135,-1580.004,2946.463
11.20815,0.5885828,1,-32.44592,0,0,1,45.61604,-1579.963,2946.316
10.97033,0.5862283,1,-32.69315,0,0,1,45.68044,-1579.924,2946.169
10.72925,0.5838524,1,-32.91055,0,0,1,45.74568,-1579.887,2946.021
10.48882,0.5814442,1,-33.0982,0,0,1,45.81071,-1579.852,2945.874
10.3179,0.5789458,1,-33.26018,0,0,1,45.87553,-1579.82,2945.727
10.30166,0.5764284,1,-33.39941,0,0,1,45.93983,-1579.791,2945.582
10.28265,0.5738702,1,-33.5207,0,0,1,46.00441,-1579.763,2945.437
10.26114,0.5712944,1,-33.62607,0,0,1,46.06916,-1579.739,2945.291
10.23737,0.5686809,1,-33.71696,0,0,1,46.13367,-1579.717,2945.146
10.21169,0.5660114,1,-33.79514,0,0,1,46.1977,-1579.697,2945.003
10.18725,0.563514,1,-33.86411,0,0,1,46.26287,-1579.68,2944.857
10.1544,0.5606357,1,-33.9231,0,0,1,46.32732,-1579.666,2944.713
10.12363,0.5578809,1,-33.97432,0,0,1,46.39195,-1579.655,2944.57
10.08511,0.5549381,1,-34.01846,0,0,1,46.45633,-1579.647,2944.428
10.05781,0.5524414,1,-34.05642,0,0,1,46.52029,-1579.641,2944.287
10.0207,0.5495542,1,-34.08989,0,0,1,46.58537,-1579.639,2944.145
9.9828,0.5466855,1,-34.11846,0,0,1,46.64969,-1579.639,2944.005
9.943699,0.5437739,1,-34.1432,0,0,1,46.71407,-1579.642,2943.865
9.903994,0.5409032,1,-34.16453,0,0,1,46.77825,-1579.648,2943.727
9.865325,0.5380593,1,-34.1829,0,0,1,46.84213,-1579.657,2943.59
9.823955,0.5351852,1,-34.19904,0,0,1,46.90698,-1579.668,2943.452
9.780596,0.5322261,1,-34.21286,0,0,1,46.97131,-1579.683,2943.317
9.735281,0.5292686,1,-34.22483,0,0,1,47.03575,-1579.7,2943.182
9.690188,0.5263737,1,-34.23508,0,0,1,47.09967,-1579.72,2943.05
9.647305,0.5235785,1,-34.24393,0,0,1,47.16344,-1579.743,2942.918
9.605998,0.5207994,1,-34.25169,0,0,1,47.22813,-1579.769,2942.787
9.564498,0.5181195,1,-34.25835,0,0,1,47.29244,-1579.798,2942.658
9.522843,0.5153609,1,-29.53412,0,0,1,47.3567,-1579.829,2942.53
9.542302,0.5150209,1,-25.51533,0,0,1,47.42004,-1579.862,2942.404
9.53165,0.5139465,1,-22.02978,0,0,1,47.48353,-1579.897,2942.28
9.490236,0.5126435,1,-19.02022,0,0,1,47.54694,-1579.934,2942.156
9.424473,0.5110116,1,-16.41287,0,0,1,47.61049,-1579.971,2942.032
9.343101,0.5096207,1,-14.07946,0,0,1,47.6763,-1580.011,2941.904
9.252095,0.5079041,1,-12.13582,0,0,1,47.74011,-1580.051,2941.78
9.150828,0.5060665,1,-10.46148,0,0,1,47.8038,-1580.092,2941.657
9.050283,0.5042681,1,-9.016739,0,0,1,47.86746,-1580.133,2941.535
8.950091,0.5024706,1,-3.034045,0,0,1,47.93104,-1580.174,2941.412
8.813728,0.4991229,1,2.11329,0,0,0.9982458,47.99442,-1580.215,2941.291
8.679885,0.4959255,1,6.544498,0,0,0.9918509,48.05763,-1580.255,2941.169
8.571721,0.4916036,1,10.34166,0,0,0.9832072,48.12035,-1580.295,2941.049
8.457229,0.4872274,1,13.62551,0,0,0.9744548,48.18312,-1580.334,2940.93
8.343239,0.4830898,1,16.55617,0,0,0.9661797,48.24794,-1580.374,2940.807
8.229368,0.4781352,1,19.00975,0,0,0.9562705,48.3111,-1580.412,2940.688
8.112008,0.4696735,1,21.13541,0,0,0.9393471,48.37451,-1580.45,2940.568
7.999205,0.4579534,1,22.95728,0,0,0.9159067,48.43755,-1580.488,2940.45
7.890833,0.4433937,1,24.53802,0,0,0.8867875,48.50095,-1580.526,2940.332
7.790266,0.4275551,1,25.88177,0,0,0.8551102,48.56349,-1580.562,2940.215
7.698561,0.4117023,1,27.04254,0,0,0.8234046,48.62606,-1580.598,2940.099
7.696255,0.3958333,1,28.0451,0,0,0.7916666,48.68866,-1580.632,2939.983
7.695678,0.3799137,1,28.91268,0,0,0.7598275,48.75143,-1580.666,2939.868
7.694466,0.3639293,1,29.66363,0,0,0.7278587,48.81443,-1580.699,2939.752
7.691533,0.3476951,1,30.32061,0,0,0.6953903,48.8784,-1580.731,2939.635
7.68635,0.3319696,1,30.86734,0,0,0.6639393,48.94033,-1580.761,2939.522
7.679793,0.3161082,1,31.34349,0,0,0.6322164,49.00278,-1580.79,2939.409
7.67126,0.3002627,1,31.75357,0,0,0.6005253,49.06515,-1580.817,2939.296
7.661109,0.2843932,1,32.10766,0,0,0.5687864,49.1276,-1580.843,2939.183
7.648335,0.2684422,1,32.41439,0,0,0.5368843,49.19035,-1580.867,2939.07
7.633732,0.2524641,1,32.67892,0,0,0.5049281,49.25319,-1580.889,2938.958
7.616878,0.2366943,1,32.90361,0,0,0.4733886,49.31519,-1580.909,2938.847
7.597712,0.2205864,1,33.1015,0,0,0.4411728,49.37851,-1580.928,2938.735
7.576868,0.204622,1,33.27002,0,0,0.4092439,49.44125,-1580.945,2938.624
7.553475,0.2,1,33.41521,0,0,0.4,49.50406,-1580.96,2938.514
7.528058,0.2,1,33.53994,0,0,0.4,49.5668,-1580.973,2938.404
7.514045,0.2,1,33.64737,0,0,0.4,49.62963,-1580.984,2938.295
7.508278,0.2,1,33.74001,0,0,0.4,49.69265,-1580.993,2938.187
7.528407,0.2,1,33.81902,0,0,0.4,49.75521,-1581,2938.079
7.528669,0.2,1,33.88594,0,0,0.4,49.81682,-1581.004,2937.974
7.52695,0.2,1,33.944,0,0,0.4,49.87883,-1581.007,2937.869
7.525183,0.2,1,33.99522,0,0,0.4,49.94239,-1581.007,2937.762
7.523239,0.2,1,34.0386,0,0,0.4,50.00517,-1581.006,2937.657
7.535097,0.2,1,34.07547,0,0,0.4,50.0673,-1581.003,2937.554
7.544457,0.2,1,34.10765,0,0,0.4,50.13037,-1580.998,2937.45
7.550678,0.2,1,34.13497,0,0,0.4,50.19278,-1580.99,2937.349
7.552383,0.2,1,34.15867,0,0,0.4,50.2558,-1580.981,2937.247
7.539096,0.2,1,34.17883,0,0,0.4,50.31833,-1580.97,2937.147
7.518695,0.2,1,34.19587,0,0,0.4,50.37988,-1580.957,2937.05
7.49091,0.2,1,34.21065,0,0,0.4,50.44194,-1580.942,2936.952
7.460037,0.2,1,34.22336,0,0,0.4,50.50406,-1580.925,2936.855
7.426466,0.2,1,34.23478,0,0,0.4,50.56904,-1580.905,2936.755
7.390585,0.2,1,34.24399,0,0,0.4,50.6305,-1580.885,2936.662
7.351857,0.2,1,34.25195,0,0,0.4,50.6923,-1580.862,2936.569
7.314407,0.2,1,34.2588,0,0,0.4,50.75426,-1580.838,2936.476
7.276499,0.2,1,34.26468,0,0,0.4,50.81618,-1580.812,2936.385
7.238849,0.2,1,34.26991,0,0,0.4,50.88032,-1580.783,2936.291
7.201659,0.2,1,34.27421,0,0,0.4,50.94216,-1580.753,2936.202
7.145205,0.2,1,34.27796,0,0,0.4,51.00502,-1580.722,2936.112
7.137462,0.2,1,34.28111,0,0,0.4,51.06671,-1580.689,2936.025
7.101252,0.2,1,34.28385,0,0,0.4,51.12934,-1580.654,2935.938
7.066453,0.2,1,34.28618,0,0,0.4,51.1914,-1580.619,2935.853
7.030943,0.2,1,34.28818,0,0,0.4,51.2535,-1580.581,2935.768
6.996864,0.2,1,34.28987,0,0,0.4,51.3151,-1580.543,2935.686
6.950404,0.2,1,34.29133,0,0,0.4,51.37665,-1580.503,2935.604
6.910174,0.2,1,34.29257,0,0,0.4,51.43789,-1580.463,2935.525
6.878964,0.2,1,34.29364,0,0,0.4,51.49939,-1580.421,2935.446
6.842303,0.2,1,34.29456,0,0,0.4,51.56124,-1580.377,2935.368
6.806221,0.2,1,34.29534,0,0,0.4,51.62271,-1580.332,2935.292
6.770926,0.2,1,34.29601,0,0,0.4,51.68362,-1580.286,2935.218
6.736477,0.2,1,34.2966,0,0,0.4,51.74637,-1580.238,2935.142
6.702296,0.2,1,34.29709,0,0,0.4,51.80855,-1580.189,2935.069
6.654348,0.2,1,34.29751,0,0,0.4,51.86967,-1580.14,2934.998
6.621439,0.2,1,34.29787,0,0,0.4,51.93139,-1580.089,2934.928
6.586928,0.2,1,34.29818,0,0,0.4,51.9921,-1580.039,2934.86
6.550996,0.2,1,34.29844,0,0,0.4,52.05391,-1579.986,2934.792
6.516168,0.2,1,34.29867,0,0,0.4,52.11592,-1579.932,2934.724
6.481273,0.2,1,34.29886,0,0,0.4,52.17715,-1579.878,2934.659
6.436685,0.2,1,34.29903,0,0,0.4,52.23828,-1579.823,2934.595
6.393289,0.2,1,34.29917,0,0,0.4,52.2998,-1579.768,2934.532
6.352772,0.2,1,34.29929,0,0,0.4,52.36087,-1579.712,2934.471
6.316478,0.2,1,34.29939,0,0,0.4,52.42235,-1579.654,2934.41
6.281559,0.2,1,34.29948,0,0,0.4,52.48339,-1579.597,2934.351
6.247778,0.2,1,34.29956,0,0,0.4,52.54432,-1579.538,2934.294
6.215267,0.2,1,34.29962,0,0,0.4,52.60547,-1579.479,2934.237
6.183814,0.2,1,34.29967,0,0,0.4,52.66666,-1579.419,2934.182
6.155503,0.2,1,34.29972,0,0,0.4,52.72763,-1579.359,2934.128
6.130388,0.2,1,34.29977,0,0,0.4,52.78858,-1579.298,2934.075
6.104362,0.2,1,34.2998,0,0,0.4,52.84963,-1579.237,2934.024
6.077782,0.2,1,34.29983,0,0,0.4,52.91023,-1579.176,2933.973
6.050391,0.2,1,34.29985,0,0,0.4,52.9711,-1579.113,2933.924
6.022689,0.2,1,34.29987,0,0,0.4,53.03153,-1579.051,2933.877
6.00188,0.2,1,34.29989,0,0,0.4,53.09164,-1578.989,2933.831
5.981003,0.2,1,34.29991,0,0,0.4,53.153,-1578.925,2933.785
5.957949,0.2,1,34.29992,0,0,0.4,53.21378,-1578.862,2933.74
5.930286,0.2,1,34.29993,0,0,0.4,53.2735,-1578.799,2933.698
5.902816,0.2,1,34.29994,0,0,0.4,53.3337,-1578.735,2933.656
5.87531,0.2,1,34.29995,0,0,0.4,53.39527,-1578.67,2933.615
5.846086,0.2,1,34.29996,0,0,0.4,53.45536,-1578.606,2933.575
5.814848,0.2,1,34.29996,0,0,0.4,53.51581,-1578.542,2933.537
5.779386,0.2,1,34.29997,0,0,0.4,53.57608,-1578.477,2933.5
5.747473,0.2,1,34.29997,0,0,0.4,53.63587,-1578.412,2933.464
5.716939,0.2,1,34.29998,0,0,0.4,53.69558,-1578.348,2933.43
5.687936,0.2,1,34.29998,0,0,0.4,53.75535,-1578.283,2933.397
5.652891,0.2,1,34.29998,0,0,0.4,53.81697,-1578.216,2933.365
5.618454,0.2,1,34.29998,0,0,0.4,53.87704,-1578.15,2933.334
5.583382,0.2,1,34.29998,0,0,0.4,53.93699,-1578.085,2933.305
5.549743,0.2,1,34.29999,0,0,0.4,53.99704,-1578.019,2933.278
5.516495,0.2,1,34.29999,0,0,0.4,54.05653,-1577.954,2933.251
5.482552,0.2,1,34.29999,0,0,0.4,54.11602,-1577.888,2933.226
5.452783,0.2,1,34.29999,0,0,0.4,54.17546,-1577.823,2933.203
5.422933,0.2,1,34.29999,0,0,0.4,54.23473,-1577.758,2933.18
5.393684,0.2,1,34.29999,0,0,0.4,54.2941,-1577.692,2933.158
5.363947,0.2,1,34.29999,0,0,0.4,54.35362,-1577.627,2933.138
5.337503,0.2,1,34.29999,0,0,0.4,54.41288,-1577.561,2933.118
5.307564,0.2,1,34.29999,0,0,0.4,54.47181,-1577.497,2933.1
5.277525,0.2,1,34.29999,0,0,0.4,54.53111,-1577.431,2933.083
5.243549,0.2,1,34.29999,0,0,0.4,54.59015,-1577.366,2933.067
5.213304,0.2,1,34.29999,0,0,0.4,54.64908,-1577.302,2933.052
5.183125,0.2,1,34.29999,0,0,0.4,54.70956,-1577.236,2933.037
5.151695,0.2,1,34.29999,0,0,0.4,54.7702,-1577.169,2933.023
5.119106,0.2,1,34.29999,0,0,0.4,54.82785,-1577.106,2933.01
5.084517,0.2,1,34.29999,0,0,0.4,54.88652,-1577.043,2932.999
5.046298,0.2,1,34.29999,0,0,0.4,54.94676,-1576.977,2932.988
5.008229,0.2,1,34.29999,0,0,0.4,55.00548,-1576.914,2932.978
4.968071,0.2,1,34.29999,0,0,0.4,55.06501,-1576.849,2932.968
4.927495,0.2,1,34.29999,0,0,0.4,55.12354,-1576.786,2932.96
4.886063,0.2,1,34.29999,0,0,0.4,55.1836,-1576.721,2932.952
4.858517,0.2,1,34.29999,0,0,0.4,55.24203,-1576.659,2932.946
4.832577,0.2,1,34.29999,0,0,0.4,55.30045,-1576.596,2932.939
4.808709,0.2,1,34.29999,0,0,0.4,55.3589,-1576.534,2932.934
4.780039,0.2,1,34.29999,0,0,0.4,55.41712,-1576.473,2932.93
4.746938,0.2,1,34.29999,0,0,0.4,55.47551,-1576.411,2932.926
4.708109,0.2,1,34.29999,0,0,0.4,55.53362,-1576.35,2932.923
4.673325,0.2,1,34.29999,0,0,0.4,55.5919,-1576.289,2932.921
4.655269,0.2,1,34.29999,0,0,0.4,55.65006,-1576.229,2932.92
4.631318,0.2,1,34.29999,0,0,0.4,55.70824,-1576.169,2932.919
4.607807,0.2,1,34.29999,0,0,0.4,55.76598,-1576.109,2932.919
4.600418,0.2,1,34.29999,0,0,0.4,55.8239,-1576.05,2932.919
4.591124,0.2,1,34.29999,0,0,0.4,55.88179,-1575.991,2932.919
4.566234,0.2,1,34.29999,0,0,0.4,55.93982,-1575.933,2932.919
4.547469,0.2,1,34.29999,0,0,0.4,55.99741,-1575.875,2932.919
4.533237,0.2,1,34.29999,0,0,0.4,56.05537,-1575.818,2932.92
4.459986,0.2,1,34.29999,0,0,0.4,56.11326,-1575.761,2932.921
4.43485,0.2,1,34.29999,0,0,0.4,56.1711,-1575.705,2932.923
4.407537,0.2,1,34.29999,0,0,0.4,56.22862,-1575.649,2932.926
4.378744,0.2,1,34.29999,0,0,0.4,56.28639,-1575.594,2932.929
4.347944,0.2,1,34.29999,0,0,0.4,56.34365,-1575.54,2932.933
4.315973,0.2,1,34.29999,0,0,0.4,56.40133,-1575.486,2932.939
4.282618,0.2,1,34.29999,0,0,0.4,56.45892,-1575.432,2932.946
4.247342,0.2,1,34.29999,0,0,0.4,56.51649,-1575.379,2932.953
4.208439,0.2,1,34.29999,0,0,0.4,56.57379,-1575.327,2932.962
4.094605,0.2,1,34.29999,0,0,0.4,56.63148,-1575.276,2932.971
4.067028,0.2,1,34.29999,0,0,0.4,56.68866,-1575.224,2932.981
4.022084,0.2,1,34.29999,0,0,0.4,56.74596,-1575.174,2932.992
3.978723,0.2,1,34.29999,0,0,0.4,56.80369,-1575.124,2933.004
3.937294,0.2,1,34.29999,0,0,0.4,56.86076,-1575.074,2933.016
3.895057,0.2,1,34.29999,0,0,0.4,56.91768,-1575.025,2933.028
3.852085,0.2,1,34.29999,0,0,0.1,56.97504,-1574.976,2933.041
3.811678,0.2,1,34.29999,0,0,0.1,57.03697,-1574.924,2933.055
3.754422,0.2,1,34.29999,0,0,0.1,57.08907,-1574.88,2933.068
3.7379,0.2,1,34.29999,0,0,0.1,57.14621,-1574.833,2933.082
3.713461,0.2,1,34.29999,0,0,0.1,57.20298,-1574.786,2933.096
3.695078,0.2,1,34.29999,0,0,0.1,57.26013,-1574.739,2933.111
3.679679,0.2,1,34.29999,0,0,0.1,57.31698,-1574.693,2933.126
3.671619,0.2,1,34.29999,0,0,0.1,57.37365,-1574.647,2933.141
3.672912,0.2,1,34.29999,0,0,0.1,57.43021,-1574.602,2933.156
3.673837,0.2,1,34.3,0,0,0.1,57.49311,-1574.551,2933.174
3.664175,0.2,1,34.3,0,0,0.1,57.54361,-1574.511,2933.188
3.658333,0.2,1,34.3,0,0,0.1,57.60018,-1574.466,2933.204
3.649209,0.2,1,34.3,0,0,0.1,57.65691,-1574.421,2933.22
3.638281,0.2,1,34.3,0,0,0.1,57.71308,-1574.377,2933.237
3.618329,0.2,1,34.3,0,0,0.1,57.76949,-1574.333,2933.254
3.604729,0.2,1,34.3,0,0,0.1,57.82598,-1574.289,2933.272
3.594079,0.2,1,34.3,0,0,0.1,57.88192,-1574.246,2933.29
3.587001,0.2,1,34.3,0,0,0.1,57.93811,-1574.203,2933.309
3.579655,0.2,1,34.3,0,0,0.1,57.99432,-1574.16,2933.328
3.571374,0.2,1,34.3,0,0,0.1,58.05005,-1574.117,2933.347
3.562922,0.2,1,34.3,0,0,0.1,58.10596,-1574.075,2933.366
3.569809,0.2,1,34.3,0,0,0.1,58.16203,-1574.033,2933.386
3.576899,0.2,1,34.3,0,0,0.1,58.21765,-1573.991,2933.406
3.581755,0.2,1,34.3,0,0,0.1,58.27336,-1573.949,2933.427
3.591722,0.2,1,34.3,0,0,0.1,58.32912,-1573.908,2933.447
3.559503,0.2,1,34.3,0,0,0.1,58.38463,-1573.867,2933.468
3.570174,0.2,1,34.3,0,0,0.1,58.4402,-1573.827,2933.488
3.56673,0.2,1,34.3,0,0,0.1,58.49583,-1573.787,2933.509
3.563344,0.2158198,1,34.3,1,0,0.1315764,58.55113,-1573.747,2933.531
3.550988,0.2316835,1,34.3,1,0,0.1632406,58.60651,-1573.707,2933.553
3.572614,0.2475598,1,34.3,1,0,0.1949298,58.66182,-1573.667,2933.576
3.614946,0.2634347,1,34.3,1,0,0.2266162,58.71702,-1573.626,2933.599
3.646827,0.2800095,1,34.3,1,0,0.2596996,58.77452,-1573.583,2933.625
3.687642,0.2958242,1,34.3,1,0,0.291266,58.82925,-1573.542,2933.652
3.744361,0.3116179,1,34.3,1,0,0.3227904,58.88375,-1573.499,2933.679
3.812322,0.3278334,1,34.3,1,0,0.3551566,58.93954,-1573.455,2933.708
3.898775,0.3437403,1,34.3,1,0,0.3869068,58.99406,-1573.41,2933.738
4.010227,0.359567,1,34.3,1,0,0.4184972,59.04808,-1573.363,2933.77
4.145809,0.3754947,1,34.3,1,0,0.450289,59.1022,-1573.314,2933.803
4.305486,0.3914545,1,34.3,1,0,0.4821448,59.15615,-1573.262,2933.839
4.46762,0.4071817,1,34.3,1,0,0.5135364,59.20901,-1573.209,2933.875
4.667538,0.422991,1,34.3,1,0,0.5450918,59.26186,-1573.153,2933.914
4.870716,0.4388901,1,34.3,1,0,0.5768266,59.31472,-1573.095,2933.954
5.069166,0.454711,1,34.3,1,0,0.6084052,59.36706,-1573.035,2933.996
5.2555,0.4706188,1,34.3,1,0,0.6401575,59.41946,-1572.974,2934.04
5.418762,0.4864281,1,34.3,1,0,0.6717129,59.47134,-1572.913,2934.084
5.657054,0.502346,1,34.3,1,0,0.7034851,59.52339,-1572.852,2934.13
5.894465,0.4986411,1,34.3,1,0,0.7351398,59.5751,-1572.79,2934.177
6.132045,0.4873554,1,34.3,1,0,0.7668173,59.62669,-1572.727,2934.225
6.380762,0.4754993,1,34.3,1,0,0.7999794,59.68054,-1572.662,2934.276
6.618033,0.4654797,1,34.3,1,0,0.8316156,59.73177,-1572.6,2934.326
6.866973,0.4547575,1,34.3,1,0,0.8648076,59.78537,-1572.535,2934.381
7.104877,0.4388654,1,34.3,0,0,0.8777308,59.83644,-1572.474,2934.433
6.868337,0.4230645,1,34.3,0,0,0.8461289,59.88717,-1572.413,2934.485
6.63021,0.4071576,1,34.3,0,0,0.8143153,59.93818,-1572.354,2934.538
6.392649,0.3912885,1,34.3,0,0,0.7825771,59.98903,-1572.295,2934.591
6.271967,0.3747914,1,34.3,0,0,0.7495828,60.04185,-1572.236,2934.646
6.285893,0.3589248,1,34.3,0,0,0.7178497,60.09261,-1572.179,2934.7
6.298682,0.3430771,1,34.3,0,0,0.6861542,60.14328,-1572.124,2934.754
6.308163,0.3272153,1,34.3,0,0,0.6544307,60.19396,-1572.07,2934.809
6.311596,0.3108058,1,34.3,0,0,0.6216116,60.24636,-1572.015,2934.866
6.30341,0.2949912,1,34.3,0,0,0.5899825,60.29683,-1571.964,2934.921
6.286147,0.2790868,1,34.3,0,0,0.5581735,60.34756,-1571.913,2934.978
6.259504,0.2632632,1,34.3,0,0,0.5265264,60.39801,-1571.864,2935.034
6.23132,0.2474058,1,34.3,0,0,0.4948117,60.44854,-1571.817,2935.092
6.189751,0.2314977,1,34.3,0,0,0.4629954,60.49922,-1571.771,2935.15
6.139793,0.2156207,1,34.3,0,0,0.4312414,60.54978,-1571.728,2935.209
6.084374,0.2,1,34.3,0,0,0.4,60.60021,-1571.686,2935.269
6.023179,0.2,1,34.3,0,0,0.4,60.65052,-1571.647,2935.33
5.956754,0.2,1,34.3,0,0,0.4,60.70093,-1571.61,2935.392
5.886819,0.2,1,34.3,0,0,0.4,60.7514,-1571.576,2935.455
5.813015,0.2,1,34.3,0,0,0.4,60.80171,-1571.544,2935.519
5.730557,0.2,1,34.3,0,0,0.4,60.85379,-1571.514,2935.585
5.648636,0.2,1,34.3,0,0,0.4,60.90419,-1571.486,2935.651
5.567242,0.2,1,34.3,0,0,0.4,60.95457,-1571.46,2935.716
5.494051,0.2,1,34.3,0,0,0.4,61.00485,-1571.436,2935.781
5.428474,0.2,1,34.3,0,0,0.4,61.05522,-1571.413,2935.846
5.36845,0.2,1,34.3,0,0,0.4,61.10546,-1571.391,2935.911
5.310273,0.2,1,34.3,0,0,0.4,61.15585,-1571.371,2935.976
5.256357,0.2,1,34.3,0,0,0.4,61.20588,-1571.351,2936.041
5.206045,0.2,1,34.3,0,0,0.4,61.25607,-1571.333,2936.105
5.158852,0.2,1,34.3,0,0,0.4,61.30633,-1571.315,2936.169
5.114205,0.2,1,34.3,0,0,0.4,61.35718,-1571.298,2936.234
5.06996,0.2,1,34.3,0,0,0.4,61.40735,-1571.283,2936.298
5.026592,0.2,1,34.3,0,0,0.4,61.45728,-1571.268,2936.361
4.986077,0.2,1,34.3,0,0,0.4,61.50719,-1571.254,2936.423
4.947451,0.2,1,34.3,0,0,0.4,61.55884,-1571.241,2936.488
4.910537,0.2,1,34.3,0,0,0.4,61.60902,-1571.229,2936.55
4.87367,0.2,1,34.3,0,0,0.4,61.65902,-1571.217,2936.611
4.839472,0.2,1,34.3,0,0,0.4,61.70889,-1571.207,2936.672
4.806251,0.2,1,34.3,0,0,0.4,61.75882,-1571.197,2936.733
4.774068,0.2,1,34.3,0,0,0.4,61.80868,-1571.188,2936.793
4.741996,0.2,1,34.3,0,0,0.4,61.86083,-1571.18,2936.856
4.710118,0.2,1,34.3,0,0,0.4,61.91084,-1571.173,2936.915
4.676375,0.2158144,1,34.3,1,0,0.4315656,61.9605,-1571.166,2936.976
4.66985,0.2317454,1,34.3,1,0,0.463364,62.01037,-1571.16,2937.038
4.773948,0.2475644,1,34.3,1,0,0.494939,62.0597,-1571.154,2937.102
4.88996,0.2634563,1,34.3,1,0,0.5266592,62.10909,-1571.149,2937.167
5.008364,0.2800078,1,34.3,1,0,0.5596962,62.16032,-1571.145,2937.238
5.133869,0.2959149,1,34.3,1,0,0.591447,62.20935,-1571.141,2937.307
5.270001,0.3117706,1,34.3,1,0,0.623095,62.25803,-1571.138,2937.377
5.406766,0.3276291,1,34.3,1,0,0.6547488,62.30652,-1571.135,2937.45
5.549253,0.3434956,1,34.3,1,0,0.6864184,62.35482,-1571.134,2937.525
5.697758,0.3593932,1,34.3,1,0,0.7181502,62.403,-1571.133,2937.602
5.852612,0.3759953,1,34.3,1,0,0.7512882,62.45308,-1571.134,2937.684
6.014526,0.3918499,1,34.3,1,0,0.782934,62.50068,-1571.135,2937.765
6.189794,0.4078023,1,34.3,1,0,0.8147752,62.54833,-1571.138,2937.849
6.363621,0.4235784,1,34.3,1,0,0.8462644,62.59522,-1571.141,2937.934
6.544467,0.426392,1,34.3,1,0,0.852784,62.64236,-1571.147,2938.022
6.726192,0.4311298,1,34.3,1,0,0.8622595,62.68906,-1571.153,2938.112
6.906651,0.4340842,1,34.3,1,0,0.8681685,62.73549,-1571.161,2938.204
7.082269,0.4393038,1,34.3,1,0,0.8786075,62.78161,-1571.171,2938.298
7.253623,0.4415349,1,34.3,1,0,0.8830699,62.82756,-1571.182,2938.394
7.421084,0.4473548,1,34.3,1,0,0.8947096,62.87352,-1571.195,2938.492
7.59064,0.4513685,1,34.3,1,0,0.902737,62.91896,-1571.209,2938.592
7.753709,0.4567755,1,34.3,1,0,0.913551,62.96425,-1571.225,2938.693
7.915068,0.4619672,1,34.3,1,0,0.9239345,63.00921,-1571.243,2938.796
8.094096,0.4661611,1,34.3,1,0,0.9323223,63.05406,-1571.263,2938.9
8.274369,0.471619,1,34.3,1,0,0.943238,63.0987,-1571.285,2939.006
8.512217,0.4769862,1,34.3,1,0,0.9539724,63.1432,-1571.309,2939.114
8.749758,0.48257,1,34.3,1,0,0.96514,63.18744,-1571.335,2939.222
8.98732,0.4879074,1,34.3,1,0,0.9758149,63.23147,-1571.364,2939.332
9.224956,0.4972362,1,34.3,1,0,0.9944724,63.27533,-1571.394,2939.443
9.463025,0.5079493,1,34.3,1,0,1,63.31907,-1571.427,2939.555
9.70082,0.5186734,1,34.3,1,0,1,63.36256,-1571.462,2939.668
9.938381,0.5291947,1,29.54262,1,0,1,63.40582,-1571.499,2939.783
10.1767,0.5410287,1,25.44208,1,0,1,63.449,-1571.538,2939.899
10.41351,0.55181,1,21.9425,1,0,1,63.49167,-1571.578,2940.017
10.65057,0.5613046,1,18.9293,1,0,1,63.53415,-1571.62,2940.136
10.88849,0.569672,1,16.32736,1,0,1,63.57656,-1571.662,2940.259
11.1263,0.5777489,1,14.09002,1,0,1,63.61874,-1571.705,2940.383
11.3642,0.5864325,1,12.16338,1,0,1,63.66072,-1571.749,2940.509
11.60167,0.5953331,1,10.50703,1,0,1,63.70243,-1571.793,2940.637
11.83934,0.6049676,1,9.078326,1,0,1,63.74398,-1571.838,2940.767
12.07754,0.6152367,1,7.843804,1,0,1,63.78543,-1571.884,2940.899
12.31523,0.6261512,1,6.781709,1,0,1,63.82662,-1571.93,2941.033
12.55223,0.6376346,1,5.868007,1,0,1,63.86751,-1571.978,2941.169
12.79151,0.6496367,1,5.071452,1,0,1,63.90861,-1572.026,2941.308
13.03091,0.6622165,1,4.384066,1,0,1,63.94956,-1572.075,2941.448
13.27079,0.6752728,1,3.789882,1,0,1,63.99041,-1572.126,2941.591
13.50996,0.6888825,1,-1.346663,1,0,1,64.03095,-1572.177,2941.736
13.74772,0.7010537,1,-5.756452,1,0,1,64.0711,-1572.229,2941.881
13.98805,0.7129859,1,-9.611673,1,0,1,64.11154,-1572.281,2942.03
14.22901,0.7249566,1,-12.95033,1,0,1,64.15195,-1572.334,2942.18
14.46803,0.7374251,1,-15.81045,1,0,1,64.19189,-1572.387,2942.331
14.70766,0.7534319,1,-18.29004,1,0,1,64.23181,-1572.441,2942.483
14.94859,0.7695263,1,-20.44539,1,0,1,64.2718,-1572.496,2942.639
15.18469,0.7841723,1,-22.27073,1,0,1,64.31084,-1572.55,2942.792
15.42307,0.7994309,1,-23.86868,1,0,1,64.35014,-1572.604,2942.948
15.65882,0.8149095,1,-25.23707,1,0,1,64.38885,-1572.659,2943.105
15.90419,0.8304763,1,-26.47243,1,0,1,64.429,-1572.717,2943.269
16.14354,0.8464647,1,-27.51137,1,0,1,64.46799,-1572.773,2943.431
16.38392,0.8604619,1,-28.41457,1,0,1,64.50699,-1572.831,2943.595
16.62017,0.8708181,1,-29.18264,1,0,1,64.54514,-1572.887,2943.758
16.86057,0.8811016,1,-29.8608,1,0,1,64.58379,-1572.946,2943.926
17.09728,0.8916228,1,-30.43877,1,0,1,64.62166,-1573.004,2944.094
17.3393,0.8998097,1,-30.95152,1,0,1,64.66018,-1573.064,2944.266
17.57804,0.9045926,1,-31.38907,1,0,1,64.69798,-1573.124,2944.438
17.81835,0.9092416,1,-31.77096,1,0,1,64.73581,-1573.185,2944.614
18.03987,0.9138645,1,-32.10072,1,0,1,64.7733,-1573.246,2944.79
18.03733,0.9185315,1,-27.97898,1,0,1,64.8101,-1573.306,2944.966
18.03394,0.9231529,1,-24.31298,1,0,1,64.84755,-1573.369,2945.149
18.03067,0.927629,1,-21.20185,1,0,1,64.884,-1573.431,2945.329
18.02684,0.9321267,1,-18.44344,1,0,1,64.92093,-1573.495,2945.515
18.02275,0.9377372,1,-16.07646,1,0,1,64.95722,-1573.56,2945.702
18.01648,0.9423295,1,-14.03942,1,0,1,64.99292,-1573.625,2945.889
18.00969,0.9467902,1,-12.26084,1,0,1,65.02846,-1573.693,2946.079
18.00238,0.9512127,1,-10.71863,1,0,1,65.06361,-1573.761,2946.27
17.99489,0.9552159,1,-9.32969,1,0,1,65.09966,-1573.833,2946.47
17.9871,0.9593284,1,-8.167253,1,0,1,65.13419,-1573.905,2946.665
17.97886,0.9632411,1,-7.137094,1,0,1,65.16898,-1573.98,2946.865
17.97069,0.9668806,1,-6.240961,1,0,1,65.20347,-1574.056,2947.067
17.96243,0.9705163,1,-5.47359,1,0,1,65.23711,-1574.132,2947.267
17.95428,0.9546399,1,-4.800425,0,0,0.1,65.27061,-1574.21,2947.468
17.71751,0.9388239,2,-4.212248,0,0,0.1315688,65.30392,-1574.288,2947.666
17.47834,0.9228471,2,-3.690815,0,0,0.1634586,65.33754,-1574.369,2947.865
17.23962,0.9069009,2,-3.23471,0,0,0.1952872,65.37105,-1574.45,2948.063
17.00025,0.8909109,2,-2.833756,0,0,0.2272034,65.40462,-1574.532,2948.261
16.76033,0.874884,2,-2.481568,0,0,0.2591932,65.43822,-1574.614,2948.458
16.52164,0.8589396,2,-2.174614,0,0,0.2910184,65.47163,-1574.696,2948.655
16.28146,0.8428956,2,-1.903835,0,0,0.3230424,65.50523,-1574.778,2948.851
16.0426,0.82694,2,-1.667959,0,0,0.3548898,65.53861,-1574.86,2949.046
15.80358,0.8109732,2,-1.461051,0,0,0.3867596,65.57201,-1574.942,2949.241
15.56574,0.7950856,2,-1.280605,0,0,0.4184714,65.60522,-1575.024,2949.435
15.32916,0.7792822,2,-1.123187,0,0,0.4500152,65.63824,-1575.104,2949.627
15.08436,0.7629294,2,-0.980233,0,0,0.4826554,65.67239,-1575.188,2949.825
14.84786,0.7471312,2,-0.8596237,0,0,0.5141888,65.70539,-1575.268,2950.016
14.60982,0.7312301,2,-0.7530953,0,0,0.5459276,65.7386,-1575.348,2950.208
14.37268,0.7153891,2,-0.6600608,0,0,0.5775462,65.77168,-1575.428,2950.399
14.13478,0.6994973,2,-0.5782027,1,0,0.6092664,65.80486,-1575.508,2950.593
13.88791,0.6830068,2,-0.5039757,1,0,0.6421816,65.8391,-1575.591,2950.795
13.93226,0.6671848,2,-0.4420529,1,0,0.6737624,65.87176,-1575.672,2950.992
14.1732,0.65109,2,-0.3869331,1,0,0.7058878,65.90481,-1575.753,2951.193
14.41124,0.6351884,2,-0.3393822,1,0,0.7376276,65.93728,-1575.834,2951.394
14.64978,0.6201849,2,-0.2976931,1,0,0.7694318,65.96963,-1575.916,2951.598
14.88606,0.6083071,2,-0.2615605,1,0,0.8009366,66.00149,-1575.996,2951.801
15.12274,0.5966329,2,-0.2298405,1,0,0.832494,66.03322,-1576.077,2952.007
15.3085,0.5844826,2,-0.2007528,1,0,0.865514,66.06622,-1576.162,2952.225
15.40984,0.5732124,2,-0.1765015,1,0,0.8971241,66.0976,-1576.244,2952.435
15.45734,0.5616841,2,-0.1549019,1,0,0.9292399,66.12926,-1576.327,2952.651
15.51034,0.5505809,2,-0.1362655,1,0,0.9609098,66.16029,-1576.408,2952.866
15.57459,0.539887,2,-0.1198873,1,0,0.992645,66.19116,-1576.491,2953.084
15.64389,0.5406128,2,-0.1055594,1,0,1,66.22174,-1576.573,2953.304
15.7002,0.5446768,2,-0.09297092,0,0,1,66.25214,-1576.655,2953.524
15.45377,0.537446,2,-0.08146347,0,0,1,66.28366,-1576.739,2953.751
15.21618,0.5312821,2,-0.07173444,0,0,1,66.31406,-1576.802,2953.943
14.97848,0.5279261,2,-0.06315705,0,0,1,66.34446,-1576.856,2954.126
14.74048,0.5248533,2,-0.05514726,0,0,1,66.3782,-1576.91,2954.309
14.49414,0.508398,2,-0.04789874,0,0,1,66.41315,-1576.967,2954.496
14.25781,0.492611,2,-0.04185224,0,0,1,66.44669,-1577.021,2954.676
14.0205,0.4767588,2,-0.03654097,0,0,1,66.48038,-1577.076,2954.855
13.78306,0.4608975,2,-0.03189795,0,0,1,66.5141,-1577.132,2955.033
13.53329,0.4442132,2,-0.02763151,0,0,1,66.54956,-1577.19,2955.22
13.30046,0.4286605,2,-0.02418373,0,0,1,66.5826,-1577.245,2955.394
13.06291,0.4208168,2,-0.02110269,0,0,1,66.61632,-1577.3,2955.571
12.82037,0.4196755,2,-0.01835552,0,0,1,66.65074,-1577.357,2955.75
12.52983,0.4183669,2,-0.015491,0,0,1,66.69198,-1577.425,2955.965
12.34344,0.4165071,2,-0.01393866,0,0,1,66.71843,-1577.469,2956.102
12.10543,0.4157927,2,-0.01215403,0,0,1,66.75221,-1577.525,2956.277
11.86593,0.4148866,2,-0.01058718,0,0,1,66.78619,-1577.581,2956.452
11.62099,0.4138962,2,-0.009190327,0,0,1,66.82094,-1577.638,2956.631
11.56267,0.4127763,2,-0.008016435,0,0,1,66.85455,-1577.693,2956.803
11.53216,0.4117699,2,-0.006988666,0,0,1,66.88825,-1577.749,2956.975
11.50211,0.4107893,2,-0.006088795,0,0,1,66.92207,-1577.804,2957.147
11.47152,0.4098205,2,-0.005141165,0,0,1,66.96294,-1577.871,2957.354
11.34208,0.397114,2,-0.004612062,0,0,0.1,66.98994,-1577.915,2957.49
11.29372,0.3814295,1,-0.004025711,0,0,0.1313064,67.02328,-1577.969,2957.657
11.24881,0.3649193,1,-0.003486572,0,0,0.164261,67.05838,-1578.026,2957.833
11.20846,0.34905,1,-0.003037483,0,0,0.1959362,67.09211,-1578.08,2958.001
11.17541,0.3332186,1,-0.002646954,0,0,0.2275358,67.12574,-1578.134,2958.169
11.14882,0.3169849,1,-0.002297778,0,0,0.2599384,67.16022,-1578.188,2958.341
11.11006,0.3009877,1,-0.001998901,0,0,0.2918688,67.1942,-1578.242,2958.51
11.08145,0.3169766,1,-0.001738871,1,0,0.3237828,67.22813,-1578.296,2958.679
11.16346,0.332819,1,-0.00151492,1,0,0.3554042,67.26167,-1578.349,2958.847
11.25311,0.3489456,1,-0.001316391,1,0,0.387593,67.29575,-1578.404,2959.019
11.30234,0.3648412,1,-0.00114655,1,0,0.4193208,67.32921,-1578.458,2959.189
11.38327,0.3806684,1,-0.0009994656,1,0,0.450912,67.3624,-1578.513,2959.36
11.47178,0.3965392,1,-0.0008711055,1,0,0.4825902,67.39555,-1578.567,2959.533
11.57213,0.412416,1,-0.0007593959,1,0,0.5142806,67.42855,-1578.622,2959.707
11.68039,0.4284495,1,-0.0006612523,1,0,0.5462834,67.46171,-1578.678,2959.885
11.79919,0.4444383,1,-0.0005761995,1,0,0.5781972,67.49461,-1578.735,2960.063
11.92249,0.4430455,1,-0.0005028027,0,0,0.6098737,67.5271,-1578.791,2960.24
11.82077,0.4591816,1,-0.0004376386,0,0,0.6420814,67.56012,-1578.847,2960.42
11.72986,0.4751229,1,-0.0003815694,0,0,0.6739004,67.59274,-1578.902,2960.597
11.68531,0.4909958,1,-0.0003328617,0,0,0.7055829,67.62521,-1578.957,2960.773
11.65644,0.5071433,1,-0.0002896081,0,0,0.7378135,67.65824,-1579.013,2960.951
11.6202,0.5229669,1,-0.0002527057,0,0,0.7693975,67.6906,-1579.067,2961.125
11.59672,0.5396528,1,-0.0002187316,0,0,0.8027027,67.72472,-1579.124,2961.309
11.5753,0.5556062,1,-0.0001905991,0,0,0.8345457,67.75732,-1579.178,2961.483
11.54762,0.5716111,1,-0.0001659914,0,0,0.8664917,67.79003,-1579.233,2961.658
11.5187,0.5875319,1,-0.000144661,0,0,0.8982697,67.82255,-1579.287,2961.832
11.48978,0.6035861,1,-0.000125905,0,0,0.9303141,67.85534,-1579.342,2962.007
11.46089,0.6194796,1,-0.0001097347,0,0,0.9620377,67.88779,-1579.396,2962.179
11.43154,0.6355641,1,-9.546358E-05,0,0,0.9941425,67.92062,-1579.451,2962.353
11.40096,0.651563,1,-8.310719E-05,0,0,1,67.95326,-1579.506,2962.526
11.36939,0.6675623,1,-7.234364E-05,1,0,1,67.98591,-1579.561,2962.701
11.60819,0.6835138,1,-6.302979E-05,1,0,1,68.01823,-1579.616,2962.877
11.84595,0.6993965,1,-5.497581E-05,1,0,1,68.05019,-1579.673,2963.055
12.08384,0.7152872,1,-4.797122E-05,1,0,1,68.08191,-1579.73,2963.236
12.28853,0.7315562,1,-4.17348E-05,1,0,1,68.11414,-1579.789,2963.424
12.46398,0.747514,1,-3.643027E-05,1,0,1,68.14552,-1579.847,2963.611
12.63789,0.7635133,1,-3.180379E-05,1,0,1,68.17673,-1579.907,2963.8
12.81545,0.7777835,1,-2.778137E-05,0,0,1,68.20767,-1579.966,2963.99
12.63463,0.7725188,1,-2.427576E-05,0,0,1,68.23852,-1580.025,2964.177
12.45152,0.7637682,1,-2.120137E-05,0,0,1,68.26945,-1580.084,2964.365
12.37649,0.7597254,1,-1.851891E-05,0,0,1,68.30034,-1580.143,2964.553
12.333,0.7570786,1,-1.620179E-05,0,0,1,68.33086,-1580.201,2964.737
12.29667,0.754757,1,-1.416268E-05,0,0,1,68.36153,-1580.26,2964.922
12.26592,0.7527094,1,-1.231448E-05,0,0,1,68.39331,-1580.321,2965.113
12.23531,0.7506374,1,-1.075955E-05,1,0,1,68.42404,-1580.381,2965.3
12.4734,0.7665419,1,-9.403687E-06,1,0,1,68.45459,-1580.441,2965.489
12.71044,0.7816628,1,-8.227346E-06,1,0,1,68.48479,-1580.502,2965.679
12.94772,0.7932613,1,-7.199992E-06,1,0,1,68.51482,-1580.563,2965.871
13.18479,0.8048494,1,-6.304163E-06,1,0,1,68.54462,-1580.625,2966.065
13.43242,0.8211711,1,-5.487059E-06,1,0,1,68.57555,-1580.691,2966.27
13.66951,0.8363361,1,-4.807877E-06,1,0,1,68.60497,-1580.754,2966.467
13.90718,0.8467473,1,-4.212802E-06,1,0,1,68.63428,-1580.818,2966.667
14.1445,0.8569121,1,-3.693533E-06,1,0,1,68.66336,-1580.883,2966.869
14.38932,0.8405586,1,-3.225198E-06,0,0,0.1,68.69316,-1580.949,2967.076
14.1489,0.824499,2,-2.823282E-06,0,0,0.1320552,68.72243,-1581.015,2967.279
13.9105,0.8085735,2,-2.47411E-06,0,0,0.1638426,68.75147,-1581.079,2967.48
13.67018,0.7925203,2,-2.165423E-06,0,0,0.195885,68.78075,-1581.144,2967.682
13.44644,0.7767056,2,-1.899062E-06,0,0,0.2274512,68.80959,-1581.208,2967.88
13.36714,0.7605133,2,-1.659714E-06,0,0,0.2597712,68.83913,-1581.273,2968.083
13.28324,0.7447277,2,-1.455633E-06,0,0,0.2912794,68.86794,-1581.336,2968.28
13.19392,0.728574,2,-1.272324E-06,0,0,0.3235222,68.89742,-1581.4,2968.481
13.11073,0.7126611,2,-1.114367E-06,0,0,0.3552846,68.92646,-1581.462,2968.679
13.03181,0.6965765,2,-9.7443E-07,0,0,0.3873896,68.95582,-1581.524,2968.879
12.98623,0.6806045,2,-8.52838E-07,0,0,0.4192698,68.98497,-1581.586,2969.077
12.94268,0.6645303,2,-7.456662E-07,0,0,0.451354,69.01431,-1581.647,2969.276
12.90105,0.6487986,2,-6.538986E-07,0,0,0.4827546,69.04301,-1581.707,2969.469
12.86041,0.6325535,2,-5.707398E-07,0,0,0.51518,69.07266,-1581.768,2969.67
12.81968,0.6167784,2,-5.002086E-07,0,0,0.5466672,69.10145,-1581.826,2969.864
12.78398,0.600694,2,-4.371413E-07,0,0,0.5787718,69.13079,-1581.886,2970.061
12.7469,0.6165882,2,-3.826423E-07,1,0,0.6104968,69.15979,-1581.946,2970.257
12.94461,0.6326563,2,-3.345253E-07,1,0,0.6425688,69.18893,-1582.007,2970.458
13.14751,0.6416253,2,-2.930086E-07,1,0,0.6742941,69.2176,-1582.068,2970.657
13.38883,0.6290618,2,-2.561981E-07,1,0,0.7064698,69.24652,-1582.13,2970.861
13.54492,0.6156067,2,-2.243947E-07,1,0,0.7383224,69.275,-1582.191,2971.063
13.69676,0.6034305,2,-1.965607E-07,1,0,0.7701902,69.30339,-1582.253,2971.267
13.89141,0.5905766,2,-1.723166E-07,1,0,0.8019229,69.33154,-1582.315,2971.47
14.12505,0.5785497,2,-1.510864E-07,1,0,0.8336629,69.35958,-1582.378,2971.675
14.36798,0.5663564,2,-1.321169E-07,1,0,0.8660535,69.38808,-1582.441,2971.885
14.4981,0.5536696,2,-1.157741E-07,1,0,0.8980132,69.41607,-1582.504,2972.094
14.62369,0.5412639,2,4.232393,1,0,0.9299445,69.44391,-1582.568,2972.303
14.74921,0.5293042,2,7.901153,1,0,0.9615715,69.47135,-1582.632,2972.511
14.87314,0.5175031,2,11.17507,1,0,0.9937735,69.49915,-1582.7,2972.724
14.9983,0.518119,2,14.01589,1,0,1,69.5266,-1582.769,2972.936
15.17026,0.5252773,2,16.50269,1,0,1,69.5539,-1582.84,2973.148
15.29196,0.5286584,2,18.65942,1,0,1,69.5808,-1582.913,2973.359
15.41237,0.5318456,2,20.58304,1,0,1,69.60801,-1582.989,2973.574
15.53552,0.5352919,2,22.25405,1,0,1,69.63488,-1583.067,2973.788
15.7764,0.5405402,2,23.72855,1,0,1,69.66179,-1583.147,2974.004
15.94886,0.5434412,2,24.99077,1,0,1,69.68795,-1583.228,2974.216
16.02571,0.5466354,2,26.12703,1,0,1,69.7146,-1583.313,2974.434
16.07372,0.549558,2,22.99344,1,0,1,69.74069,-1583.398,2974.649
16.14006,0.5539631,2,20.23655,1,0,1,69.76668,-1583.486,2974.866
16.2406,0.558529,2,17.82121,1,0,1,69.79243,-1583.575,2975.084
16.36701,0.5630274,2,15.63451,1,0,1,69.81879,-1583.67,2975.31
16.49771,0.5675233,2,13.7787,1,0,1,69.84416,-1583.764,2975.53
16.62526,0.5719874,2,12.11079,1,0,1,69.86992,-1583.863,2975.758
16.75693,0.5764571,2,10.67055,1,0,1,69.8951,-1583.962,2975.983
16.88822,0.5807744,2,9.409667,1,0,1,69.91999,-1584.063,2976.209
17.02068,0.5850868,2,8.304633,1,0,1,69.94462,-1584.166,2976.435
17.15457,0.5890035,2,7.331738,1,0,1,69.96908,-1584.271,2976.663
17.29034,0.5932364,2,6.477613,1,0,1,69.99329,-1584.377,2976.89
17.4276,0.5987966,2,5.700299,1,0,1,70.01814,-1584.488,2977.127
17.18683,0.5980082,2,5.02894,1,0,1,70.04243,-1584.599,2977.361
17.19187,0.6025072,2,4.450656,1,0,1,70.06606,-1584.71,2977.59
17.23234,0.6055939,2,3.934368,1,0,1,70.08978,-1584.823,2977.823
17.26671,0.6077046,2,3.480375,1,0,1,70.11329,-1584.938,2978.057
17.29871,0.6112846,2,3.078722,1,0,1,70.1367,-1585.056,2978.291
17.32695,0.6141465,2,2.71112,1,0,1,70.16082,-1585.18,2978.536
17.5636,0.6196659,2,2.401679,1,0,1,70.18375,-1585.3,2978.771
17.80591,0.622628,2,2.121678,1,0,1,70.20708,-1585.425,2979.014
17.96364,0.6276492,2,1.880658,1,0,1,70.2297,-1585.549,2979.253
18.11805,0.6321343,2,1.663173,1,0,1,70.25259,-1585.678,2979.498
18.26322,0.6371275,2,1.472049,1,0,1,70.27522,-1585.808,2979.743
18.37845,0.6454776,2,-2.552069,1,0,1,70.29725,-1585.937,2979.985
18.49697,0.650763,2,-6.10582,1,0,1,70.31907,-1586.066,2980.228
18.60149,0.6573402,2,-9.344309,1,0,1,70.34135,-1586.201,2980.479
18.83773,0.6670011,2,-12.1603,1,0,1,70.36314,-1586.333,2980.728
18.98599,0.6717809,2,-14.63925,1,0,1,70.38468,-1586.466,2980.976
19.07138,0.6754573,2,-16.86943,1,0,1,70.40642,-1586.601,2981.229
19.22098,0.6779144,2,-18.82771,1,0,1,70.42785,-1586.735,2981.482
19.36961,0.6796139,2,-20.56995,1,0,1,70.44923,-1586.871,2981.738
19.5188,0.6818878,2,-22.10302,1,0,1,70.47031,-1587.007,2981.994
19.66674,0.6842507,2,-19.645,1,0,1,70.4912,-1587.144,2982.252
19.81392,0.6889399,2,-17.45365,1,0,1,70.51203,-1587.281,2982.513
19.96113,0.6938275,2,-15.53016,1,0,1,70.53249,-1587.418,2982.774
20.10616,0.6988394,2,-13.82981,1,0,1,70.55269,-1587.555,2983.035
20.2497,0.7042836,2,-12.28453,1,0,1,70.57318,-1587.696,2983.305
20.39547,0.7092555,2,-10.95067,1,0,1,70.59297,-1587.834,2983.57
20.53606,0.713791,2,-9.744015,1,0,1,70.61292,-1587.975,2983.842
20.67762,0.7187718,2,-8.681798,1,0,1,70.63252,-1588.115,2984.113
20.8164,0.7237819,2,-7.738795,0,0,1,70.65191,-1588.256,2984.385
20.57754,0.7079992,2,-6.899313,0,0,1,70.67126,-1588.396,2984.655
20.34038,0.6954483,2,-6.155758,0,0,1,70.69046,-1588.535,2984.923
20.09894,0.6904778,2,-5.479971,0,0,1,70.71001,-1588.676,2985.195
19.85625,0.687969,2,-4.874798,0,0,1,70.72967,-1588.818,2985.468
19.61982,0.6861916,2,-4.349982,0,0,1,70.74883,-1588.955,2985.734
19.45001,0.6850277,2,-3.877745,0,0,1,70.76814,-1589.093,2986.002
19.40638,0.683728,2,-3.457191,0,0,1,70.78742,-1589.231,2986.269
19.34744,0.6819938,2,-3.077075,0,0,1,70.80698,-1589.369,2986.539
19.27755,0.6799983,2,-2.742978,0,0,1,70.82628,-1589.505,2986.806
19.20432,0.678084,2,-2.440903,0,0,1,70.84587,-1589.642,2987.075
19.12577,0.6761036,2,-2.173106,0,0,1,70.86538,-1589.777,2987.344
19.04169,0.6761703,2,-1.936843,0,1,1,70.88472,-1589.908,2987.607
18.80015,0.6688079,2,-1.721596,0,1,1,70.90462,-1590.04,2987.873
18.56046,0.6611376,2,-1.530758,0,1,1,70.9246,-1590.168,2988.133
18.32195,0.6537506,2,-1.361079,0,1,1,70.94471,-1590.295,2988.389
18.08388,0.6470265,2,-1.209812,0,1,1,70.96498,-1590.419,2988.643
17.84277,0.6309208,2,-1.073065,0,1,0.1,70.98571,-1590.544,2988.898
17.60378,0.6149563,1,-0.9523463,0,1,0.1318652,71.00645,-1590.666,2989.148
17.36631,0.5990928,1,-0.8454656,0,1,0.163529,71.02723,-1590.786,2989.394
17.1246,0.5829465,1,-0.7485263,0,1,0.195757,71.04856,-1590.907,2989.643
16.88516,0.5669524,1,-0.6632282,0,1,0.2276814,71.06983,-1591.026,2989.887
16.64816,0.5511203,1,-0.5881706,0,1,0.2592824,71.09103,-1591.143,2990.127
16.41008,0.5352165,1,-0.5210825,0,1,0.2910264,71.11248,-1591.26,2990.366
16.16464,0.5188213,1,-0.4595993,0,1,0.3237514,71.13475,-1591.378,2990.611
15.92981,0.5031347,1,-0.4075251,0,1,0.355062,71.15622,-1591.491,2990.842
15.68791,0.4869761,1,-0.3597979,0,1,0.3873146,71.1785,-1591.606,2991.078
15.44845,0.4709797,1,-0.3179341,0,1,0.4192436,71.20071,-1591.718,2991.31
15.21075,0.4551018,1,-0.281089,0,1,0.450936,71.22292,-1591.829,2991.537
14.97047,0.4711527,1,-0.2480436,0,1,0.4829738,71.24554,-1591.94,2991.765
14.72848,0.4873176,1,-0.21857,0,1,0.515239,71.26848,-1592.05,2991.993
14.49173,0.5031328,1,-0.1930611,0,1,0.5468062,71.29111,-1592.156,2992.213
14.25145,0.5191831,1,-0.1701095,0,1,0.5788428,71.31424,-1592.263,2992.434
14.01272,0.53513,1,-0.1499412,0,1,0.610673,71.3374,-1592.367,2992.651
13.7722,0.5511971,1,-0.1319576,0,1,0.642743,71.36093,-1592.472,2992.867
13.53611,0.5669682,1,-0.1163585,0,1,0.6742222,71.38422,-1592.573,2993.077
13.29356,0.5831702,1,-0.1021701,0,1,0.7065616,71.40836,-1592.676,2993.29
13.05522,0.5990911,1,-0.0898768,0,1,0.7383398,71.43227,-1592.775,2993.496
12.81632,0.6150495,1,-0.0789919,0,1,0.770193,71.45645,-1592.873,2993.699
12.57829,0.6309505,1,-0.06941845,0,1,0.8019314,71.48075,-1592.97,2993.9
12.34133,0.6467788,1,-0.06100529,0,1,0.833525,71.50517,-1593.063,2994.096
12.09821,0.6630194,1,-0.05338575,0,1,0.8659414,71.53043,-1593.157,2994.295
12.33505,0.67884,1,-0.04686032,0,1,0.8975194,71.55527,-1593.247,2994.486
12.09572,0.6948272,1,-0.04104839,0,1,0.92943,71.58058,-1593.337,2994.677
11.86016,0.7105625,1,-0.03601808,0,1,0.9608378,71.60567,-1593.424,2994.862
11.61474,0.7269564,1,-0.0314022,0,1,0.9935602,71.632,-1593.513,2995.052
11.3736,0.7430645,1,-0.02743364,0,1,1,71.65806,-1593.599,2995.237
11.13556,0.7589655,1,-0.02399927,0,1,1,71.68394,-1593.683,2995.417
10.89787,0.7692911,1,-0.02098938,0,1,1,71.70993,-1593.766,2995.595
10.65654,0.7601215,1,-0.01830831,0,1,1,71.73647,-1593.849,2995.773
10.4165,0.7506483,1,-0.01597465,0,1,1,71.76303,-1593.931,2995.948
10.17675,0.7416849,1,-0.01393472,0,1,1,71.7897,-1594.012,2996.121
9.941318,0.7321398,1,-0.01218169,0,1,1,71.81606,-1594.09,2996.288
9.699959,0.7228033,1,-0.01060564,0,1,1,71.84322,-1594.17,2996.457
9.460729,0.7129365,1,-0.009241081,0,1,1,71.87031,-1594.247,2996.623
9.217597,0.7030145,1,-0.00802867,0,1,1,71.898,-1594.326,2996.788
8.981797,0.6924116,1,-0.007003468,0,1,1,71.92503,-1594.4,2996.946
8.745702,0.6825867,1,-0.006105124,0,1,1,71.95226,-1594.474,2997.102
8.502432,0.6723583,1,-0.005295471,0,1,1,71.98048,-1594.55,2997.259
8.263465,0.6618125,1,-0.004603208,0,1,1,72.00838,-1594.623,2997.412
8.022784,0.6511352,1,-0.003994986,0,1,1,72.03666,-1594.695,2997.563
7.78462,0.6402922,1,-0.003470787,0,1,1,72.06482,-1594.766,2997.709
7.546737,0.6293952,1,-0.003014281,0,1,1,72.09312,-1594.835,2997.853
7.305726,0.61849,1,-0.002611177,0,1,1,72.12199,-1594.904,2997.996
7.069042,0.6075262,1,-0.002267026,0,1,1,72.15051,-1594.971,2998.134
6.827455,0.5965149,1,-0.001960956,0,1,1,72.1798,-1595.038,2998.272
6.590324,0.5852681,1,-0.001700147,0,1,1,72.20875,-1595.103,2998.406
6.350905,0.5741422,1,-0.001471026,0,1,1,72.23815,-1595.167,2998.537
6.115249,0.5630682,1,-0.001275205,0,1,1,72.26727,-1595.229,2998.664
5.869564,0.5520077,1,-0.001097603,0,1,1,72.29783,-1595.293,2998.793
5.629546,0.5403922,1,-0.0009477093,0,1,1,72.32787,-1595.354,2998.917
5.390314,0.5289254,1,-0.0008182405,0,1,1,72.35801,-1595.414,2999.038
5.150109,0.5176489,1,-0.0007056039,0,1,1,72.38846,-1595.473,2999.156
4.91581,0.5062941,1,-0.0006105228,0,1,1,72.41833,-1595.529,2999.269
4.6745,0.4953805,1,-0.0005255019,0,1,0.9907609,72.44929,-1595.586,2999.383
4.428847,0.4839992,1,-0.0004507385,0,1,0.9679983,72.481,-1595.642,2999.495
4.142878,0.4722582,1,-0.0003758142,0,1,0.9445164,72.51814,-1595.707,2999.624
3.94932,0.4593285,1,-0.0003333516,0,1,0.9186569,72.54345,-1595.749,2999.708
3.719019,0.4439444,1,-0.0002884103,0,1,0.8878887,72.57372,-1595.799,2999.806
3.474123,0.4275853,1,-0.0002469227,0,1,0.8551706,72.60609,-1595.85,2999.907
3.220651,0.4106534,1,-0.0002100265,0,1,0.8213068,72.63979,-1595.902,3000.01
2.995908,0.3956406,1,-0.000182096,0,1,0.7912811,72.66988,-1595.947,3000.098
2.759989,0.3798812,1,-0.0001565923,0,1,0.7597624,72.70162,-1595.993,3000.188
2.515464,0.3635469,1,-0.0001337841,0,1,0.7270938,72.73471,-1596.039,3000.278
2.209561,0.3431126,1,-0.0001093207,0,1,0.6862252,72.77635,-1596.096,3000.388
2.002072,0.3292524,1,-9.570174E-05,0,1,0.6585047,72.8048,-1596.132,3000.459
1.791862,0.3152103,1,-8.358763E-05,0,1,0.6304207,72.83376,-1596.169,3000.53
1.545594,0.2987596,1,-7.115491E-05,0,1,0.5975192,72.86785,-1596.21,3000.609
1.300641,0.2823968,1,-6.059114E-05,0,1,0.5647935,72.90196,-1596.25,3000.686
1.060132,0.2663308,1,-5.172805E-05,0,1,0.5326616,72.93564,-1596.288,3000.758
0.8217295,0.2504055,1,-4.420211E-05,0,1,0.500811,72.96921,-1596.324,3000.827
0.58294,0.2344544,1,-3.773928E-05,0,1,0.4689088,73.00301,-1596.359,3000.894
0.3472105,0.2187077,1,-3.227405E-05,0,1,0.4374153,73.03655,-1596.393,3000.957
0.1078345,0.2027173,1,-2.75124E-05,0,1,0.4054347,73.07079,-1596.425,3001.018
0,0.2,1,-2.349978E-05,0,1,0.4,73.10471,-1596.456,3001.076
0,0.2,1,-1.999448E-05,0,1,0.4,73.13947,-1596.486,3001.133
0,0.2,1,-1.703907E-05,0,1,0.4,73.17399,-1596.515,3001.186
0,0.2,1,-1.448031E-05,0,1,0.4,73.20912,-1596.543,3001.237
0,0.2,1,-1.230732E-05,0,1,0.4,73.2443,-1596.569,3001.285
0,0.2,1,-1.045277E-05,0,1,0.4,73.27969,-1596.594,3001.33
0,0.2,1,-8.898383E-06,0,1,0.4,73.31467,-1596.618,3001.372
0,0.2,1,-7.56632E-06,0,1,0.4,73.34995,-1596.64,3001.412
0,0.2,1,-6.408988E-06,0,1,0.4,73.38607,-1596.661,3001.449
0,0.2,1,-5.423036E-06,0,1,0.4,73.42246,-1596.681,3001.484
0,0.2,1,-4.59928E-06,0,1,0.4,73.45847,-1596.699,3001.516
0,0.2,1,-3.893597E-06,0,1,0.4,73.49489,-1596.717,3001.546
0,0.2,1,-3.290616E-06,0,1,0.4,73.53172,-1596.733,3001.573
0,0.2,1,-2.786138E-06,0,1,0.4,73.56823,-1596.747,3001.597
0,0.2,1,-2.358375E-06,0,0,0.1,73.60486,-1596.76,3001.621
0,0.2,1,-1.984951E-06,0,0,0.1,73.64259,-1596.773,3001.646
0.236535,0.2,1,-1.680867E-06,0,0,0.1,73.67907,-1596.784,3001.67
0.476976,0.2,1,-1.419004E-06,0,0,0.1,73.71613,-1596.795,3001.695
0.7163671,0.2,1,-1.198803E-06,0,0,0.1,73.753,-1596.805,3001.719
0.9572026,0.2,1,-1.011564E-06,0,0,0.1,73.79008,-1596.814,3001.743
1.196376,0.2,1,-8.545856E-07,0,0,0.1,73.82689,-1596.822,3001.767
1.434473,0.2,1,-7.225003E-07,0,0,0.1,73.86353,-1596.83,3001.79
1.597755,0.2,1,-6.107097E-07,0,0,0.1,73.90017,-1596.837,3001.813
1.570162,0.2,1,-5.136611E-07,0,0,0.1,73.93777,-1596.844,3001.837
1.549873,0.2,1,-4.338483E-07,0,0,0.1,73.97452,-1596.85,3001.859
1.527418,0.2,1,-3.671591E-07,0,0,0.1,74.01083,-1596.856,3001.881
1.503853,0.2,1,-3.104816E-07,0,0,0.1,74.04726,-1596.862,3001.903
1.479511,0.2,1,-2.615383E-07,0,0,0.1,74.08443,-1596.867,3001.925
1.438793,0.2,1,-2.206846E-07,0,0,0.1,74.12123,-1596.872,3001.947
1.412572,0.2,1,-1.861187E-07,0,0,0.1,74.1581,-1596.877,3001.968
1.39275,0.2,1,-1.574026E-07,0,0,0.1,74.19438,-1596.881,3001.988
1.374731,0.2,1,-1.329878E-07,0,0,0.1,74.23083,-1596.885,3002.009
1.359042,0.2,1,-1.124618E-07,0,0,0.1,74.26707,-1596.889,3002.028
1.344904,0.2,1,-9.448504E-08,0,0,0.1,74.30457,-1596.892,3002.048
1.328211,0.2,1,-7.970822E-08,0,0,0.1,74.34122,-1596.896,3002.068
1.310342,0.2,1,-6.73479E-08,0,0,0.1,74.37754,-1596.899,3002.086
1.285573,0.2,1,-5.668993E-08,0,0,0.1,74.41457,-1596.901,3002.105
1.259761,0.2,1,-4.788387E-08,0,0,0.1,74.45088,-1596.904,3002.123
1.232958,0.2,1,-4.037383E-08,0,0,0.1,74.48752,-1596.907,3002.14
1.207488,0.2,1,-3.404088E-08,0,0,0.1,74.52412,-1596.909,3002.157
1.18799,0.2,1,-2.86976E-08,0,0,0.1,74.56071,-1596.912,3002.174
1.161135,0.2,1,-2.420166E-08,0,0,0.1,74.59721,-1596.914,3002.19
1.133029,0.2,1,-2.035212E-08,0,0,0.1,74.63422,-1596.917,3002.206
1.054204,0.2,1,-1.719842E-08,0,0,0.1,74.67025,-1596.92,3002.221
0.9994928,0.2,1,-1.449778E-08,0,0,0.1,74.70673,-1596.924,3002.236
0.9532661,0.2,1,-1.222197E-08,0,0,0.1,74.74315,-1596.927,3002.25
0.9160911,0.2,1,-1.030081E-08,0,0,0.1,74.77959,-1596.931,3002.263
0.8942559,0.2,1,-8.670799E-09,0,0,0.1,74.81625,-1596.933,3002.274
0.8493692,0.2,1,-7.307991E-09,0,0,0.1,74.85272,-1596.934,3002.283
0.6712155,0.2,1,-6.147395E-09,0,0,0.1,74.88963,-1596.934,3002.289
0.5063035,0.2,1,-5.171623E-09,0,0,0.1,74.92657,-1596.933,3002.294
0.3648162,0.2,1,-4.351786E-09,0,0,0.1,74.96348,-1596.932,3002.297
0.2470275,0.2,1,-3.659794E-09,0,0,0.1,75.00052,-1596.93,3002.299
0.1483311,0.2,1,-3.086275E-09,0,0,0.1,75.03702,-1596.928,3002.3
0.07574105,0.2,1,-2.599137E-09,0,0,0.1,75.07375,-1596.926,3002.301
0.04291689,0.2,1,-2.18666E-09,0,0,0.1,75.11065,-1596.924,3002.302
0.02627642,0.2,1,-1.823083E-09,0,0,0.1,75.14926,-1596.922,3002.302
0.017774,0.2,1,-1.538331E-09,0,0,0.1,75.18548,-1596.921,3002.303
0.01305946,0.2,1,-1.290992E-09,0,0,0.1,75.22272,-1596.919,3002.304
0.01156242,0.2,1,-1.08622E-09,0,0,0.1,75.2594,-1596.918,3002.304
0.01216502,0.2,1,-9.147506E-10,0,0,0.1,75.29585,-1596.916,3002.305
0.01216272,0.2,1,-7.654943E-10,0,0,0.1,75.33349,-1596.915,3002.305
0.01206043,0.2,1,-6.429027E-10,0,0,0.1,75.37037,-1596.914,3002.305
0.01218356,0.2,1,-5.421579E-10,0,0,0.1,75.4064,-1596.913,3002.306
0.01270743,0.2,1,-4.544351E-10,0,0,0.1,75.44357,-1596.912,3002.306
0.0125791,0.2,1,-3.825162E-10,0,0,0.1,75.47986,-1596.911,3002.306
0.01207559,0.2,1,-3.218361E-10,0,0,0.1,75.51619,-1596.91,3002.306
0.01171247,0.2,1,-2.698255E-10,0,0,0.1,75.55316,-1596.909,3002.307
0.01121872,0.2,1,-2.265371E-10,0,0,0.1,75.58981,-1596.908,3002.307
0.01003729,0.2,1,-1.905621E-10,0,0,0.1,75.62605,-1596.908,3002.307
0.008510334,0.2,1,-1.604293E-10,0,0,0.1,75.66207,-1596.907,3002.307
0.007553801,0.2,1,-1.350065E-10,0,0,0.1,75.69814,-1596.906,3002.308
0.006572827,0.2,1,-1.136133E-10,0,0,0.1,75.73415,-1596.906,3002.308
0.005800709,0.2,1,-9.557875E-11,0,0,0.1,75.77017,-1596.905,3002.308
0.005231323,0.2,1,-8.039749E-11,0,0,0.1,75.80617,-1596.905,3002.308
0.004835831,0.2,1,-6.762628E-11,0,0,0.1,75.84212,-1596.905,3002.308
0.004516571,0.2,1,-5.671674E-11,0,0,0.1,75.87858,-1596.904,3002.308
0.003398462,0.2,1,-4.773048E-11,0,0,0.1,75.91435,-1596.904,3002.308
0.002025655,0.2,1,-4.015288E-11,0,0,0.1,75.95014,-1596.904,3002.308
0.001016836,0.2,1,-3.371357E-11,0,0,0.1,75.98624,-1596.903,3002.309
0.001387208,0.2,1,-2.832817E-11,0,0,0.1,76.02216,-1596.903,3002.309
0.002910038,0.2,1,-2.379952E-11,0,0,0.1,76.05806,-1596.903,3002.309
0.004020988,0.2,1,-1.999507E-11,0,0,0.1,76.09391,-1596.903,3002.309
0.004452229,0.2,1,-1.681691E-11,0,0,0.1,76.12951,-1596.903,3002.309
0.004061284,0.2,1,-1.413274E-11,0,0,0.1,76.1652,-1596.902,3002.309
0.00352427,0.2,1,-1.187558E-11,0,0,0.1,76.20087,-1596.902,3002.309
0.00311503,0.2,1,-9.983059E-12,0,0,0.1,76.23641,-1596.902,3002.309
0.003205372,0.2,1,-8.401964E-12,0,0,0.1,76.27169,-1596.902,3002.309
0.002718793,0.2,1,-7.049809E-12,0,0,0.1,76.3075,-1596.902,3002.309
0.002824635,0.2,1,-5.920855E-12,0,0,0.1,76.34307,-1596.902,3002.309
0.002841737,0.2,1,-4.978126E-12,0,0,0.1,76.3784,-1596.902,3002.309
0.003394898,0.2,1,-4.190137E-12,0,0,0.1,76.41347,-1596.902,3002.309
0.00347652,0.2,1,-3.528079E-12,0,0,0.1,76.44843,-1596.901,3002.309
0.004032157,0.2,1,-2.968167E-12,0,0,0.1,76.48349,-1596.901,3002.309
0.004410317,0.2,1,-2.484029E-12,0,0,0.1,76.51949,-1596.901,3002.309
0.005101254,0.2,1,-2.090574E-12,0,0,0.1,76.55439,-1596.901,3002.309
0.005499958,0.2,1,-1.760066E-12,0,0,0.1,76.58919,-1596.901,3002.309
0.005851223,0.2,1,-1.480421E-12,0,0,0.1,76.62411,-1596.901,3002.309
0.00576668,0.2,1,-1.244991E-12,0,0,0.1,76.65901,-1596.901,3002.309
0,0.2,1,-1.049332E-12,0,0,0.1,76.69346,-1596.901,3002.309
0,0.2,1,-8.834022E-13,0,0,0.1,76.72807,-1596.901,3002.309
0,0.2,1,-7.432081E-13,0,0,0.1,76.76277,-1596.901,3002.309
0,0.2,1,-6.255768E-13,0,0,0.1,76.79733,-1596.901,3002.309
0,0.2,1,-5.266926E-13,0,0,0.1,76.8318,-1596.901,3002.309
0,0.2,1,-4.429637E-13,0,0,0.1,76.86642,-1596.901,3002.309
0,0.2,1,-3.702845E-13,0,0,0.1,76.90209,-1596.901,3002.309
0,0.2,1,-3.109215E-13,0,0,0.1,76.9369,-1596.901,3002.309
0,0.2,1,-2.618304E-13,0,0,0.1,76.97115,-1596.901,3002.309
0,0.2,1,-2.202701E-13,0,0,0.1,77.00552,-1596.901,3002.309
0,0.2,1,-1.853181E-13,0,0,0.1,77.03984,-1596.901,3002.309
0,0.2,1,-1.557307E-13,0,0,0.1,77.07433,-1596.901,3002.309
0,0.2,1,-1.308627E-13,0,0,0.1,77.10877,-1596.901,3002.309
0,0.2,1,-1.101472E-13,0,0,0.1,77.14288,-1596.901,3002.309
0,0.2,1,-9.234242E-14,0,0,0.1,77.17765,-1596.901,3002.309
0,0.2,1,-7.774659E-14,0,0,0.1,77.21161,-1596.901,3002.309
0,0.2,1,-6.528273E-14,0,0,0.1,77.24601,-1596.901,3002.309
0,0.2,1,-5.495742E-14,0,0,0.1,77.2799,-1596.901,3002.309
0,0.2,1,-4.625348E-14,0,0,0.1,77.3138,-1596.901,3002.309
0,0.2,1,-3.894788E-14,0,0,0.1,77.34755,-1596.901,3002.309
0,0.2,1,-3.256943E-14,0,0,0.1,77.3825,-1596.901,3002.309
0,0.2,1,-2.736327E-14,0,0,0.1,77.41656,-1596.901,3002.309
0,0.2,1,-2.298345E-14,0,0,0.1,77.45064,-1596.901,3002.309
0,0.2,1,-1.935455E-14,0,0,0.1,77.4842,-1596.901,3002.309
0,0.2,1,-1.630127E-14,0,0,0.1,77.51769,-1596.901,3002.309
0,0.2,1,-1.372649E-14,0,0,0.1,77.55118,-1596.901,3002.309
0,0.2,1,-1.147783E-14,0,0,0.1,77.58586,-1596.901,3002.309
0,0.2,1,-9.664524E-15,0,0,0.1,77.61926,-1596.901,3002.309
0,0.2,1,-8.136041E-15,0,0,0.1,77.65266,-1596.901,3002.309
0,0.2,1,-6.814716E-15,0,0,0.1,77.6869,-1596.901,3002.309
0,0.2,1,-5.737432E-15,0,0,0.1,77.72019,-1596.901,3002.309
0,0.2,1,-4.817274E-15,0,0,0.1,77.75391,-1596.901,3002.309
0,0.2,1,-4.046009E-15,0,0,0.1,77.78754,-1596.901,3002.309
0,0.2,1,-3.401755E-15,0,0,0.1,77.82093,-1596.901,3002.309
0,0.2,1,-2.859175E-15,0,0,0.1,77.85434,-1596.901,3002.309
0,0.2,1,-2.403626E-15,0,0,0.1,77.88766,-1596.901,3002.309
0,0.2,1,-2.018591E-15,0,0,0.1,77.92113,-1596.901,3002.309
0,0.2,1,-1.697144E-15,0,0,0.1,77.95435,-1596.901,3002.309
0,0.2,1,-1.425965E-15,0,0,0.1,77.98763,-1596.901,3002.309
0,0.2,1,-1.198315E-15,0,0,0.1,78.02085,-1596.901,3002.309
0,0.2,1,-1.007293E-15,0,0,0.1,78.05397,-1596.901,3002.309
0,0.2,1,-8.463657E-16,0,0,0.1,78.08712,-1596.901,3002.309
0,0.2,1,-7.108305E-16,0,0,0.1,78.1203,-1596.901,3002.309
0,0.2,1,-5.973173E-16,0,0,0.1,78.15334,-1596.901,3002.309
0,0.2,1,-5.02403E-16,0,0,0.1,78.18618,-1596.901,3002.309
0,0.2,1,-4.220732E-16,0,0,0.1,78.21918,-1596.901,3002.309
0,0.2,1,-3.54929E-16,0,0,0.1,78.25196,-1596.901,3002.309
0,0.2,1,-2.986188E-16,0,0,0.1,78.28461,-1596.901,3002.309
0,0.2,1,-2.514227E-16,0,0,0.1,78.3171,-1596.901,3002.309
0,0.2,1,-2.105856E-16,0,0,0.1,78.35045,-1596.901,3002.309
0,0.2,1,-1.769574E-16,0,0,0.1,78.38319,-1596.901,3002.309
