Wheel Speed,RPM,Gear,Angle,Throttle,Braking,Clutch,Temp,X,Y
0,0.2,0,0,0,0,0.1,57.06239,-1574.367,3091.53
0,0.2,0,0,0,0,0.1,57.14642,-1574.367,3091.53
0,0.2,0,0,0,0,0.1,57.19659,-1574.367,3091.53
0,0.2,0,0,0,0,0.1,57.25552,-1574.367,3091.53
0,0.2,0,0,0,0,0.1,57.31589,-1574.367,3091.53
0,0.2,0,0,0,0,0.1,57.37971,-1574.367,3091.53
0,0.2,0,0,0,0,0.1,57.44083,-1574.367,3091.53
0,0.2,0,0,0,0,0.1,57.50055,-1574.367,3091.53
0,0.2,0,0,0,0,0.1,57.56171,-1574.367,3091.53
0,0.2,0,0,0,0,0.1,57.62225,-1574.367,3091.53
0,0.2,0,0,0,0,0.1,57.68243,-1574.367,3091.53
0,0.2,0,0,0,0,0.1,57.74422,-1574.367,3091.53
0,0.2,0,0,0,0,0.1,57.80384,-1574.367,3091.53
0,0.2,0,0,0,0,0.1,57.86362,-1574.367,3091.53
0,0.2,0,0,0,0,0.1,57.92345,-1574.367,3091.53
0,0.2,0,0,0,0,0.1,57.98298,-1574.367,3091.53
0,0.2,0,0,0,0,0.1,58.04239,-1574.367,3091.53
0,0.2,0,0,0,0,0.1,58.10299,-1574.367,3091.53
0,0.2,0,0,0,0,0.1,58.16245,-1574.367,3091.53
0,0.2,0,0,0,0,0.1,58.22184,-1574.367,3091.53
0,0.2,0,0,0,0,0.1,58.28092,-1574.367,3091.53
0,0.2,0,0,0,0,0.1,58.34206,-1574.367,3091.53
0,0.2,0,0,0,0,0.1,58.40137,-1574.367,3091.53
0,0.2,0,0,0,0,0.1,58.46029,-1574.367,3091.53
0,0.2,0,0,0,0,0.1,58.51924,-1574.367,3091.53
0,0.2,0,0,0,0,0.1,58.57835,-1574.367,3091.53
0,0.2,0,0,0,0,0.1,58.63708,-1574.367,3091.53
0,0.2,0,0,0,0,0.1,58.69613,-1574.367,3091.53
0,0.2,0,0,0,0,0.1,58.75645,-1574.367,3091.53
0,0.2,0,0,0,0,0.1,58.81453,-1574.367,3091.53
0,0.2,0,0,0,0,0.1,58.87295,-1574.367,3091.53
0,0.2,0,0,0,0,0.1,58.93158,-1574.367,3091.53
0,0.2,0,0,0,0,0.1,58.99891,-1574.367,3091.53
0,0.2,0,0,0,0,0.1,59.05047,-1574.367,3091.53
0,0.2,0,0,0,0,0.1,59.1084,-1574.367,3091.53
0,0.2,0,0,0,0,0.1,59.16655,-1574.367,3091.53
0,0.2,0,0,0,0,0.1,59.22562,-1574.367,3091.53
0,0.2,0,0,0,0,0.1,59.28242,-1574.367,3091.53
0,0.2,0,0,0,0,0.1,59.34053,-1574.367,3091.53
0,0.2,0,0,0,0,0.1,59.39814,-1574.367,3091.53
0,0.2,0,0,0,0,0.1,59.47,-1574.367,3091.53
0,0.2,0,0,0,0,0.1,59.51339,-1574.367,3091.53
0,0.2159312,0,0,1,0,0.1,59.57119,-1574.367,3091.53
0,0.2317624,1,0,1,0,0.1315992,59.62856,-1574.367,3091.529
0.01324087,0.2476837,1,0,1,0,0.1633782,59.6861,-1574.366,3091.528
0.08286837,0.2635087,1,0,1,0,0.194965,59.74318,-1574.365,3091.526
0.1317301,0.2793571,1,0,1,0,0.2265986,59.8002,-1574.364,3091.522
0.1867461,0.2952,1,0,1,0,0.2582212,59.85706,-1574.363,3091.518
0.2447285,0.3111066,1,0,1,0,0.2899708,59.91399,-1574.362,3091.513
0.3074465,0.326934,1,0,1,0,0.3215624,59.97048,-1574.361,3091.507
0.3778252,0.3429365,1,0,1,0,0.3535036,60.02742,-1574.36,3091.499
0.4575636,0.3587585,1,0,1,0,0.3850844,60.08353,-1574.359,3091.489
0.5507839,0.3746104,1,0,1,0,0.416725,60.13955,-1574.358,3091.478
0.6575839,0.3904797,1,0,1,0,0.4484002,60.1954,-1574.356,3091.464
0.7914507,0.4063474,1,0,1,0,0.4800722,60.25101,-1574.355,3091.448
0.9291707,0.4222798,1,0,1,0,0.5118734,60.30659,-1574.353,3091.43
1.079726,0.4383045,1,-5.379625,1,0,0.5438588,60.36224,-1574.352,3091.409
1.23677,0.4539574,1,-9.798705,1,0,0.5751022,60.41633,-1574.351,3091.386
1.405933,0.4442408,1,-13.57645,1,0,0.6067088,60.4708,-1574.351,3091.361
1.587634,0.4282261,1,-16.79982,1,0,0.6386744,60.52563,-1574.352,3091.333
1.777703,0.4122311,1,-19.51156,1,0,0.6706004,60.58014,-1574.354,3091.302
1.974724,0.3962047,1,-21.8019,1,0,0.7025894,60.63451,-1574.357,3091.269
2.174677,0.3801701,1,-23.7337,1,0,0.7345944,60.68866,-1574.361,3091.234
2.376472,0.3640644,1,-25.37017,1,0,0.7281288,60.7428,-1574.367,3091.196
2.608342,0.3495477,1,-26.7315,1,0,0.6990954,60.79598,-1574.373,3091.156
2.844582,0.3653285,1,-27.87418,1,0,0.730594,60.84853,-1574.381,3091.114
3.080402,0.3638223,1,-28.87013,1,0,0.7276446,60.90236,-1574.39,3091.068
3.306328,0.3756076,1,-29.68414,1,0,0.7512151,60.95431,-1574.4,3091.022
3.535238,0.3645122,1,-30.39703,1,0,0.7290244,61.00771,-1574.411,3090.971
3.751911,0.3804694,1,-30.98632,1,0,0.760875,61.05979,-1574.423,3090.919
3.972932,0.3795602,1,-31.4875,1,0,0.7591205,61.11184,-1574.436,3090.864
4.186156,0.392248,1,-31.90925,1,0,0.7844959,61.16333,-1574.45,3090.807
4.397632,0.3855738,1,-32.26623,1,0,0.7711476,61.21448,-1574.466,3090.748
4.636404,0.4015237,1,-32.56974,1,0,0.8029838,61.26548,-1574.482,3090.686
4.875778,0.3973144,1,-32.82788,1,0,0.7946289,61.31635,-1574.5,3090.622
5.116036,0.4133637,1,-33.0477,1,0,0.8266633,61.36715,-1574.52,3090.556
5.357629,0.4064162,1,-33.23518,1,0,0.8128324,61.41795,-1574.54,3090.486
5.593671,0.4221838,1,-28.38776,1,0,0.8443046,61.46732,-1574.562,3090.417
5.835264,0.4208085,1,-24.16205,1,0,0.8416169,61.51759,-1574.586,3090.343
6.071889,0.4361506,1,-20.6496,1,0,0.8723013,61.56657,-1574.611,3090.269
6.311139,0.4298227,1,-17.62376,1,0,0.8596453,61.6158,-1574.637,3090.19
6.546567,0.4455492,1,-15.09093,1,0,0.8910357,61.66397,-1574.663,3090.111
6.784363,0.4443403,1,-12.90764,1,0,0.8886806,61.71233,-1574.69,3090.028
7.024021,0.4578357,1,-11.03207,1,0,0.9156714,61.76076,-1574.717,3089.942
7.263871,0.4541681,1,-9.433336,1,0,0.9083361,61.80893,-1574.745,3089.853
7.502236,0.4700908,1,-8.079457,1,0,0.9401181,61.85649,-1574.772,3089.762
7.738906,0.4646525,1,-6.931947,1,0,0.929305,61.90344,-1574.8,3089.668
7.976748,0.4805403,1,-5.945722,1,0,0.9610171,61.95033,-1574.827,3089.572
8.214684,0.4757766,1,-5.102126,1,0,0.9515533,61.99697,-1574.855,3089.472
8.451294,0.4915822,1,-4.384449,1,0,0.9831013,62.04308,-1574.882,3089.371
8.689397,0.4936623,1,-3.765675,1,0,0.9873247,62.08923,-1574.91,3089.267
8.9277,0.5041249,1,-3.235315,1,0,1,62.13517,-1574.939,3089.16
9.163884,0.514738,1,-2.784978,1,0,1,62.18045,-1574.967,3089.052
9.401262,0.5255679,1,-2.396444,1,0,1,62.22573,-1574.996,3088.94
9.649413,0.5366817,1,-2.047904,1,0,1,62.27283,-1575.026,3088.822
9.888549,0.548379,1,-1.761697,1,0,1,62.31796,-1575.056,3088.705
10.12894,0.560272,1,3.290472,1,0,1,62.36309,-1575.086,3088.585
10.36766,0.5708999,1,7.593307,1,0,1,62.40768,-1575.115,3088.464
10.60728,0.5812048,1,11.30464,1,0,1,62.45223,-1575.144,3088.34
10.84506,0.5913345,1,14.46883,1,0,1,62.49625,-1575.172,3088.215
11.08552,0.6015834,1,17.22293,1,0,1,62.54058,-1575.2,3088.087
11.3254,0.6121034,1,19.58442,1,0,1,62.58462,-1575.227,3087.957
11.56148,0.623073,1,21.58329,1,0,1,62.62779,-1575.254,3087.828
11.80394,0.6344936,1,23.35414,1,0,1,62.67196,-1575.281,3087.693
12.04129,0.6462697,1,24.84352,1,0,1,62.71502,-1575.307,3087.56
12.28266,0.65735,1,26.14971,1,0,1,62.75863,-1575.333,3087.423
12.52027,0.6692552,1,27.25601,1,0,1,62.8014,-1575.359,3087.286
12.75806,0.6811748,1,23.56009,1,0,1,62.84404,-1575.383,3087.147
12.99969,0.6970792,1,20.32051,1,0,1,62.88717,-1575.408,3087.004
13.23977,0.7118868,1,17.55054,1,0,1,62.92983,-1575.432,3086.86
13.47708,0.7266483,1,15.19176,1,0,1,62.97178,-1575.456,3086.715
13.71481,0.7410206,1,13.15211,1,0,1,63.01358,-1575.479,3086.568
13.95236,0.7551485,1,11.39283,1,0,1,63.0551,-1575.503,3086.418
14.20004,0.7691522,1,9.808864,1,0,1,63.09813,-1575.528,3086.259
14.44026,0.7832892,1,8.490711,1,0,1,63.1396,-1575.553,3086.103
14.67881,0.7974459,1,7.361315,1,0,1,63.1805,-1575.578,3085.945
14.91809,0.8105992,1,6.38242,1,0,1,63.22128,-1575.604,3085.784
15.15568,0.8234684,1,5.542486,1,0,1,63.2615,-1575.631,3085.622
15.39326,0.8362774,1,4.815585,1,0,1,63.30146,-1575.658,3085.458
15.63065,0.8488871,1,4.186616,1,0,1,63.34113,-1575.686,3085.292
15.8781,0.8612472,1,3.618509,1,0,1,63.38221,-1575.716,3085.115
16.11485,0.8737772,1,3.150289,1,0,1,63.42125,-1575.746,3084.945
16.35497,0.8856218,1,2.738178,1,0,1,63.4606,-1575.777,3084.769
16.59388,0.8937946,1,2.382913,1,0,1,63.4995,-1575.808,3084.592
16.83327,0.9015377,1,2.074091,1,0,1,63.53823,-1575.841,3084.413
17.07203,0.9060244,1,1.806837,1,0,1,63.57662,-1575.874,3084.231
17.31367,0.9105045,1,1.571947,1,0,1,63.61522,-1575.909,3084.046
17.55469,0.9149109,1,1.368754,1,0,1,63.65349,-1575.944,3083.858
17.79306,0.9192877,1,1.194307,1,0,1,63.6911,-1575.98,3083.671
17.87168,0.9235968,1,1.044376,1,0,1,63.72803,-1576.016,3083.483
17.87362,0.927897,1,0.9095436,1,0,1,63.7659,-1576.054,3083.287
17.87629,0.9322144,1,0.7940625,1,0,1,63.80302,-1576.092,3083.092
17.87906,0.9367567,1,0.6947525,1,0,1,63.83948,-1576.13,3082.896
17.88176,0.9412239,1,-3.69096,1,0,1,63.8759,-1576.169,3082.698
17.88432,0.9448994,1,-7.512648,1,0,1,63.91208,-1576.209,3082.498
17.88802,0.9479258,1,-10.95879,1,0,1,63.94924,-1576.252,3082.289
17.89214,0.9507477,1,-13.81264,1,0,1,63.98446,-1576.295,3082.089
17.89615,0.953657,1,-16.34857,1,0,1,64.02002,-1576.34,3081.884
17.89955,0.9562025,1,-14.28074,1,0,1,64.05626,-1576.387,3081.672
17.90257,0.9614069,1,-12.51373,1,0,1,64.09161,-1576.435,3081.463
17.9051,0.9453809,1,-10.96122,0,0,0.1,64.12695,-1576.482,3081.253
17.66809,0.9295485,2,-9.616469,0,0,0.1316016,64.16187,-1576.529,3081.047
17.42637,0.9134017,2,-8.412258,0,0,0.1638308,64.19747,-1576.576,3080.836
17.18769,0.8974578,2,-7.371266,0,0,0.1956548,64.23263,-1576.622,3080.63
16.94938,0.8815387,2,-6.45984,0,0,0.2274296,64.26772,-1576.669,3080.424
16.71172,0.8656634,2,-5.662751,0,0,0.2591168,64.30271,-1576.714,3080.219
16.47462,0.8498253,2,-4.965176,0,0,0.2907298,64.33761,-1576.76,3080.015
16.22711,0.8332912,2,-4.326228,0,0,0.323732,64.37403,-1576.807,3079.803
15.99087,0.8175108,2,-3.794513,0,0,0.3552298,64.40878,-1576.852,3079.601
15.75152,0.8015217,2,-3.321667,0,0,0.3871442,64.44398,-1576.897,3079.396
15.51231,0.7855429,2,-2.907732,0,0,0.419038,64.47915,-1576.943,3079.193
15.27355,0.7695934,2,-2.5458,0,0,0.4508734,64.51424,-1576.988,3078.99
15.03383,0.7535802,2,-2.227438,0,0,0.4828358,64.54946,-1577.033,3078.787
14.79455,0.7375963,2,-1.949205,0,0,0.5147398,64.58461,-1577.078,3078.585
14.55664,0.7217043,2,-1.706956,0,0,0.5464604,64.61954,-1577.123,3078.385
14.31106,0.7052993,2,-1.487813,0,0,0.579205,64.6556,-1577.17,3078.178
14.07321,0.6894107,2,-1.302682,1,0,0.6109186,64.69051,-1577.215,3077.977
13.83556,0.6735356,2,-1.141132,1,0,0.6426056,64.72521,-1577.262,3077.774
13.59411,0.657407,2,-0.9977173,1,0,0.6747984,64.76026,-1577.309,3077.565
13.71995,0.6399267,2,-0.8621619,1,0,0.7096893,64.79804,-1577.361,3077.339
13.9034,0.6225836,2,-0.7462621,1,0,0.7443063,64.8353,-1577.414,3077.111
14.01827,0.6055288,2,-0.6351191,1,0,0.7827615,64.87644,-1577.473,3076.856
14.28588,0.5953397,2,-0.5476091,1,0,0.8184422,64.91438,-1577.529,3076.617
14.56588,0.5808002,2,-0.4688835,1,0,0.8557763,64.95381,-1577.588,3076.365
14.81364,0.5662612,2,-0.4004787,1,0,0.8937762,64.99369,-1577.649,3076.105
14.92156,0.5520988,2,-0.3417761,1,0,0.9320759,65.03361,-1577.712,3075.841
15.03389,0.5385829,2,-0.2924556,1,0,0.9699025,65.07275,-1577.776,3075.578
15.15184,0.5291888,2,-0.2470308,1,0,1,65.11472,-1577.845,3075.29
15.27549,0.534377,2,-0.210747,1,0,1,65.15423,-1577.913,3075.014
15.40736,0.5397149,2,-0.1782809,1,0,1,65.1955,-1577.985,3074.721
15.54351,0.5452022,2,-0.1500607,1,0,1,65.23772,-1578.06,3074.416
15.68854,0.5509778,2,-0.1281885,1,0,1,65.27641,-1578.131,3074.13
15.83485,0.5567041,2,-0.1083244,1,0,1,65.31738,-1578.208,3073.822
15.97942,0.5623993,2,-0.09144167,1,0,1,65.35839,-1578.287,3073.508
16.13216,0.5683551,2,-0.07737477,1,0,1,65.39867,-1578.367,3073.194
16.28724,0.5743658,2,-0.06551083,1,0,1,65.43864,-1578.448,3072.875
16.44246,0.5803633,2,-0.05456729,1,0,1,65.48199,-1578.537,3072.524
16.60535,0.5866653,2,-0.04601526,1,0,1,65.52243,-1578.623,3072.189
16.77342,0.5930964,2,-0.03842438,1,0,1,65.56479,-1578.715,3071.831
16.94203,0.5995395,2,-0.03257668,1,0,1,65.60365,-1578.801,3071.496
17.1121,0.6060023,2,-0.0271501,1,0,1,65.64598,-1578.897,3071.123
17.28435,0.6125578,2,-0.0230411,1,0,1,65.68423,-1578.985,3070.78
17.45818,0.6191121,2,-0.01929368,1,0,1,65.72511,-1579.081,3070.405
17.62973,0.625603,2,-0.0161915,1,0,1,65.7653,-1579.178,3070.029
17.80535,0.6322286,2,-0.01375881,1,0,1,65.80265,-1579.27,3069.673
17.97373,0.6385597,2,-0.0116918,1,0,1,65.8398,-1579.363,3069.312
18.13583,0.6446404,2,5.140091,1,0,1,65.87672,-1579.456,3068.945
18.30736,0.6503847,2,9.39374,1,0,1,65.91241,-1579.547,3068.584
18.49441,0.6556362,2,13.70397,1,0,1,65.95454,-1579.652,3068.15
18.70471,0.6608396,2,16.72439,1,0,1,65.99002,-1579.74,3067.777
18.91389,0.6659527,2,19.3938,1,0,1,66.02659,-1579.828,3067.385
19.10217,0.6705025,2,21.38037,1,0,1,66.05852,-1579.905,3067.038
19.2762,0.6748334,2,23.28742,1,0,1,66.09373,-1579.988,3066.648
19.44276,0.6789839,2,20.2092,1,0,1,66.12511,-1580.06,3066.296
19.60901,0.6849143,2,17.43478,1,0,1,66.15755,-1580.133,3065.926
19.77245,0.6905386,2,15.01016,1,0,1,66.19026,-1580.205,3065.546
19.94116,0.6962542,2,12.91975,1,0,1,66.22285,-1580.275,3065.161
20.10505,0.7019113,2,11.1336,1,0,1,66.25503,-1580.343,3064.774
20.25825,0.7074205,2,9.611479,1,0,1,66.28669,-1580.408,3064.387
20.40126,0.7128245,2,8.289901,1,0,1,66.31836,-1580.473,3063.993
20.54196,0.718431,2,7.345307,1,0,1,66.34446,-1580.525,3063.662
20.65339,0.7230429,2,6.41148,1,0,1,66.37346,-1580.581,3063.29
20.75827,0.7275214,2,5.586323,1,0,1,66.40266,-1580.637,3062.909
20.86733,0.7323194,2,4.901874,1,0,1,66.43033,-1580.69,3062.542
20.97356,0.7371249,2,4.278396,1,0,1,66.4589,-1580.743,3062.157
21.08097,0.7420154,2,3.803554,1,0,1,66.4837,-1580.788,3061.818
21.18326,0.7467,2,3.364977,1,0,1,66.50935,-1580.834,3061.462
21.2821,0.7512263,2,2.993032,1,0,1,66.53381,-1580.877,3061.118
21.37978,0.7557491,2,2.618954,1,0,1,66.56134,-1580.924,3060.724
21.49138,0.7606519,2,2.346896,1,0,1,66.5841,-1580.963,3060.394
21.55052,0.7632765,2,2.105505,1,0,1,66.60652,-1581,3060.063
21.65224,0.7676762,2,1.874522,1,0,1,66.63033,-1581.039,3059.708
21.81058,0.7744498,2,1.666333,1,0,1,66.6543,-1581.078,3059.345
21.91881,0.7791227,2,1.496988,1,0,1,66.67611,-1581.113,3059.01
21.97416,0.7815031,2,1.344606,1,0,1,66.69785,-1581.147,3058.671
22.08398,0.7860578,2,1.208597,1,0,1,66.71935,-1581.181,3058.331
22.19279,0.7905053,2,1.086378,1,0,1,66.74074,-1581.214,3057.988
22.30269,0.7949098,2,0.9757204,1,0,1,66.76217,-1581.247,3057.639
22.43522,0.7993084,2,0.8750669,1,0,1,66.78375,-1581.28,3057.283
22.56659,0.8037187,2,0.7873285,1,0,1,66.80463,-1581.312,3056.934
22.69735,0.808163,2,0.7073376,1,0,1,66.82566,-1581.343,3056.577
22.82058,0.812343,2,0.636598,1,0,1,66.84625,-1581.374,3056.222
22.94488,0.8166472,2,0.5730697,1,0,1,66.86669,-1581.405,3055.865
23.06488,0.820851,2,0.5158832,1,0,1,66.88702,-1581.436,3055.506
23.18344,0.8250541,2,0.464546,1,0,1,66.90718,-1581.466,3055.144
23.30147,0.8292779,2,0.4188793,1,0,1,66.92699,-1581.496,3054.783
23.41703,0.8334482,2,0.3770928,1,0,1,66.94698,-1581.526,3054.415
23.53021,0.837571,2,0.3404206,1,0,1,66.96635,-1581.556,3054.052
23.65023,0.8426451,2,0.3069951,1,0,1,66.98582,-1581.585,3053.684
23.7487,0.8463193,2,0.2773646,1,0,1,67.00484,-1581.615,3053.318
23.85091,0.8502293,2,0.2504323,1,0,1,67.02388,-1581.645,3052.948
23.94995,0.8540514,2,0.2252363,1,0,1,67.0435,-1581.676,3052.562
24.04816,0.857802,2,0.2034763,1,0,1,67.06223,-1581.706,3052.187
24.14961,0.8617167,2,0.1838051,1,0,1,67.08087,-1581.736,3051.81
24.24768,0.8652483,2,0.1662039,1,0,1,67.09924,-1581.766,3051.434
24.3651,0.8697755,2,0.1501869,1,0,1,67.11761,-1581.797,3051.052
24.4756,0.8736863,2,0.1356381,1,0,1,67.13599,-1581.828,3050.666
24.59046,0.8776494,2,0.1227201,1,0,1,67.15395,-1581.859,3050.284
24.70791,0.8816057,2,0.1109762,1,0,1,67.17191,-1581.891,3049.897
24.82156,0.885435,2,0.1004897,1,0,1,67.18954,-1581.922,3049.512
24.94819,0.889365,2,0.09101781,1,0,1,67.20704,-1581.954,3049.126
25.05266,0.8930197,2,0.08245134,1,0,1,67.22441,-1581.986,3048.738
25.15025,0.8964341,2,0.07462704,1,0,1,67.24183,-1582.019,3048.344
25.24688,0.899869,2,0.06755941,1,0,1,67.25911,-1582.052,3047.948
25.34356,0.9033363,2,-3.119725,1,0,1,67.27594,-1582.085,3047.558
25.43902,0.9067048,2,-6.025895,1,0,1,67.29276,-1582.119,3047.163
25.52036,0.9098414,2,-9.164188,1,0,1,67.31266,-1582.161,3046.689
25.66763,0.9148214,2,-11.05369,1,0,1,67.32605,-1582.191,3046.367
25.73737,0.9164467,2,-10.0528,1,0,1,67.3421,-1582.228,3045.976
25.83774,0.9192575,2,-9.131757,1,0,1,67.35826,-1582.267,3045.577
25.9541,0.9225829,2,-8.276644,1,0,1,67.37468,-1582.308,3045.168
26.06631,0.9259077,2,-7.535456,1,0,1,67.39028,-1582.348,3044.774
26.17504,0.9292423,2,-6.847325,1,0,1,67.40611,-1582.39,3044.37
26.27333,0.9323747,2,-6.212201,1,0,1,67.4221,-1582.434,3043.957
26.36905,0.9355378,2,-5.524036,1,0,1,67.44107,-1582.487,3043.461
26.51722,0.9406726,2,-5.118191,1,0,1,67.45356,-1582.524,3043.13
26.56745,0.9424993,2,-4.679902,1,0,1,67.46806,-1582.567,3042.742
26.63305,0.9449267,2,-4.257691,1,0,1,67.48324,-1582.614,3042.331
26.70686,0.9477336,2,-3.869006,1,0,1,67.49851,-1582.663,3041.913
26.78191,0.9506751,2,-3.525937,1,0,1,67.51327,-1582.711,3041.504
26.85548,0.9536339,2,-3.21038,1,0,1,67.52807,-1582.761,3041.09
26.92372,0.9564555,2,-2.925404,1,0,1,67.54266,-1582.811,3040.677
26.99143,0.9593069,2,-2.657793,1,0,1,67.55762,-1582.864,3040.248
27.05682,0.9621096,2,-2.419692,1,0,1,67.57219,-1582.918,3039.827
27.11874,0.9648483,2,-2.204764,1,0,1,67.58656,-1582.971,3039.407
27.1801,0.967581,2,-2.009518,1,0,1,67.60079,-1583.026,3038.986
27.24043,0.9702588,2,-1.830141,1,0,1,67.61505,-1583.082,3038.559
27.29986,0.9729123,2,-1.66992,1,0,1,67.62896,-1583.138,3038.139
27.35955,0.9755593,2,-1.521908,1,0,1,67.64296,-1583.196,3037.712
27.42784,0.9784222,2,-1.387642,1,0,1,67.65681,-1583.254,3037.284
27.49657,0.9625841,2,-1.266951,0,0,0.1,67.67039,-1583.312,3036.863
27.25812,0.9466553,3,1.848145,0,0,0.131794,67.68409,-1583.371,3036.439
27.02111,0.9308231,3,4.676786,0,0,0.1633952,67.69773,-1583.428,3036.019
26.88659,0.9149433,3,7.270039,0,0,0.1950916,67.71145,-1583.486,3035.598
26.80888,0.8986517,3,9.700927,0,0,0.2276098,67.72556,-1583.543,3035.167
26.80402,0.8826292,3,11.87993,0,0,0.2595908,67.73949,-1583.598,3034.744
26.83511,0.8667518,3,13.85108,0,0,0.2912822,67.75333,-1583.65,3034.325
26.88619,0.8506767,3,15.67434,0,0,0.3233682,67.7674,-1583.7,3033.903
26.94072,0.8346967,3,17.3281,0,0,0.3552644,67.78143,-1583.747,3033.483
26.94623,0.8187352,3,18.83608,0,0,0.3871236,67.79551,-1583.791,3033.064
27.0324,0.8026537,3,20.22303,0,0,0.4192224,67.80975,-1583.832,3032.644
27.03136,0.7866377,3,18.41283,0,0,0.4511906,67.82401,-1583.869,3032.226
27.0242,0.770623,3,16.76156,0,0,0.483156,67.83833,-1583.904,3031.809
26.98949,0.7548382,3,15.2772,0,0,0.5146626,67.8525,-1583.936,3031.399
26.92053,0.7387639,3,13.89717,0,0,0.546747,67.86698,-1583.966,3030.982
26.83253,0.7227517,3,12.64458,0,0,0.5787075,67.88145,-1583.993,3030.568
26.72079,0.7068229,3,11.50898,0,0,0.6105015,67.8959,-1584.018,3030.156
26.59638,0.690924,3,10.47565,0,0,0.6422359,67.91038,-1584.04,3029.747
26.45757,0.6748049,3,9.520793,0,0,0.6744097,67.92509,-1584.062,3029.331
26.31784,0.658884,3,8.662556,0,0,0.7061879,67.93965,-1584.081,3028.921
26.18198,0.6428209,3,7.873742,0,0,0.7382501,67.95438,-1584.099,3028.509
26.05588,0.627062,3,7.169466,0,0,0.7697049,67.96887,-1584.116,3028.104
25.93832,0.6111718,3,6.52205,0,0,0.8014219,67.98351,-1584.132,3027.697
25.70039,0.595278,3,5.932303,0,0,0.8331461,67.99818,-1584.147,3027.289
25.68761,0.5794283,3,5.39673,0,0,0.8647821,68.01285,-1584.162,3026.883
25.43993,0.5734496,3,4.887694,0,0,0.8978063,68.02818,-1584.177,3026.46
25.26381,0.5893658,3,4.443811,0,0,0.9295751,68.04295,-1584.193,3026.052
25.16081,0.5735227,3,4.041769,0,1,0.1,68.05766,-1584.208,3025.647
24.92368,0.5576825,2,0.5707722,0,1,0.1316174,68.0724,-1584.222,3025.242
24.68581,0.5417922,2,-2.598349,0,1,0.1633344,68.08719,-1584.238,3024.836
24.44943,0.5260021,2,-5.463413,0,1,0.1948516,68.10191,-1584.252,3024.433
24.20162,0.5094483,2,-8.197512,0,1,0.227893,68.11736,-1584.268,3024.01
23.96239,0.4934683,2,-10.58831,0,1,0.2597892,68.13228,-1584.283,3023.602
23.72342,0.477505,2,-12.75932,0,1,0.2916522,68.14719,-1584.298,3023.195
23.4833,0.4614649,2,-14.7423,0,1,0.3236684,68.1622,-1584.313,3022.785
23.24498,0.4455452,2,-16.53032,0,1,0.3554442,68.1771,-1584.328,3022.38
23.00519,0.4295268,2,-18.1659,0,1,0.387417,68.1921,-1584.344,3021.971
22.76703,0.4136178,2,-19.64165,0,1,0.4191716,68.20701,-1584.358,3021.566
22.52766,0.4115818,2,-20.98996,0,1,0.4510876,68.222,-1584.373,3021.159
22.28857,0.4275529,2,-22.21345,0,1,0.482966,68.23698,-1584.388,3020.752
22.04908,0.4435508,2,-23.32689,0,1,0.514898,68.25198,-1584.403,3020.345
21.81099,0.4594553,2,-24.33233,0,1,0.5466434,68.26691,-1584.418,3019.94
21.56935,0.4755967,2,-25.25966,0,1,0.5788618,68.28206,-1584.433,3019.53
21.3292,0.4916385,2,-26.0959,0,1,0.6108814,68.29712,-1584.448,3019.122
21.09039,0.5075914,2,-26.8509,0,1,0.6427236,68.31209,-1584.463,3018.717
20.8537,0.5234017,2,-27.53054,0,1,0.6742809,68.32693,-1584.478,3018.315
21.09462,0.5394949,2,-28.15946,0,1,0.7064031,68.34204,-1584.493,3017.906
21.334,0.5554855,2,-28.7265,0,1,0.7383205,68.35705,-1584.508,3017.5
21.5736,0.5714905,2,-29.24203,0,1,0.7702667,68.37209,-1584.523,3017.094
21.81375,0.5875325,2,-29.71146,0,1,0.8022865,68.38719,-1584.539,3016.688
22.05324,0.6035306,2,-30.13688,0,1,0.8342189,68.40231,-1584.556,3016.284
22.29077,0.6193975,2,-30.52044,0,1,0.8658893,68.41738,-1584.575,3015.884
22.52919,0.6353242,2,-30.87081,0,1,0.8976793,68.43258,-1584.595,3015.483
22.7735,0.6516443,2,-31.19744,0,1,0.9302543,68.44827,-1584.618,3015.074
23.01087,0.6675003,2,-31.4853,0,1,0.9619032,68.46359,-1584.643,3014.677
23.2486,0.6833804,2,-31.74751,0,1,0.9936,68.47904,-1584.67,3014.281
23.48887,0.6994306,2,-31.98844,0,1,1,68.49474,-1584.7,3013.882
23.73049,0.7155707,2,-32.20852,0,1,1,68.51065,-1584.732,3013.483
23.96865,0.7314801,2,-32.40551,0,1,1,68.52647,-1584.765,3013.092
24.20706,0.7474054,2,-32.58495,0,1,1,68.54247,-1584.798,3012.704
24.27311,0.7635233,2,-32.74991,0,1,1,68.5588,-1584.831,3012.313
24.18908,0.7794101,2,-32.89738,0,1,1,68.57501,-1584.862,3011.932
24.43012,0.7955114,2,-33.03315,0,1,1,68.59158,-1584.891,3011.548
24.46937,0.8115241,2,-33.15554,0,1,1,68.60818,-1584.919,3011.171
24.23158,0.8274087,2,-33.26579,0,1,1,68.62484,-1584.945,3010.8
24.06206,0.8389262,2,-33.36675,0,1,1,68.64182,-1584.971,3010.43
23.8868,0.8329265,2,-33.45791,0,1,1,68.65892,-1584.998,3010.064
23.66478,0.8266885,2,-33.54116,0,1,1,68.67633,-1585.027,3009.7
23.42712,0.8208129,2,-33.61567,0,1,1,68.69372,-1585.056,3009.342
23.18997,0.8150849,2,-33.68301,0,1,1,68.71124,-1585.087,3008.988
22.95213,0.8093762,2,-33.74418,0,1,1,68.72899,-1585.119,3008.635
22.71415,0.8038501,2,-33.79953,0,1,1,68.7469,-1585.152,3008.285
22.4757,0.7985891,2,-30.41504,0,1,1,68.76501,-1585.186,3007.935
22.24019,0.7936936,2,-27.39685,0,1,1,68.78304,-1585.219,3007.591
22.00261,0.789256,2,-24.64605,0,1,1,68.80135,-1585.253,3007.246
21.76536,0.7849361,2,-22.16764,0,1,1,68.81977,-1585.286,3006.902
21.52761,0.7804479,2,-19.92707,0,1,1,68.83835,-1585.32,3006.559
21.29053,0.7761751,2,-17.91284,0,1,1,68.85699,-1585.354,3006.218
21.05301,0.7718245,2,-16.09369,0,1,1,68.87579,-1585.387,3005.876
20.81559,0.7672688,2,-14.45493,0,1,1,68.89471,-1585.42,3005.537
20.57512,0.7623149,2,-12.95918,0,1,1,68.91402,-1585.453,3005.194
20.33539,0.7567532,2,-11.61734,0,1,1,68.93345,-1585.487,3004.854
20.09622,0.7506054,2,-10.4122,0,1,1,68.95302,-1585.52,3004.517
19.85876,0.7440336,2,-9.335032,0,1,1,68.97264,-1585.552,3004.183
19.61714,0.7370117,2,-8.347713,0,1,1,68.99283,-1585.585,3003.845
19.37808,0.7293288,2,-7.469635,0,1,1,69.01304,-1585.618,3003.514
19.1388,0.7211939,2,-10.31009,0,1,1,69.03352,-1585.65,3003.184
18.89978,0.7125173,2,-12.86194,0,1,1,69.05424,-1585.682,3002.857
18.65915,0.7033685,2,-15.17185,0,1,1,69.0754,-1585.714,3002.53
18.42148,0.6936678,2,-17.22073,0,1,1,69.0966,-1585.745,3002.21
18.18143,0.6836699,2,-19.08084,0,1,1,69.11832,-1585.776,3001.89
17.94186,0.6732153,2,-20.74656,0,1,1,69.14033,-1585.807,3001.573
17.70272,0.662491,2,-22.2378,0,1,1,69.16264,-1585.838,3001.26
17.46598,0.6514933,2,-23.56114,0,1,1,69.18508,-1585.868,3000.954
17.22732,0.6406531,2,-24.75733,0,1,1,69.20804,-1585.897,3000.647
16.99047,0.6295737,2,-25.81979,0,1,1,69.23117,-1585.927,3000.346
16.75221,0.6189411,2,-26.77613,0,1,1,69.25477,-1585.956,3000.046
16.51462,0.608296,2,-27.62803,0,1,1,69.27863,-1585.985,2999.75
16.27645,0.5977075,2,-28.39043,0,1,1,69.30289,-1586.014,2999.456
16.03601,0.5868969,2,-29.07682,0,1,1,69.32771,-1586.043,2999.162
15.79987,0.5760306,2,-29.67673,0,1,1,69.35243,-1586.072,2998.876
15.55929,0.5653958,2,-30.22135,0,1,1,69.37794,-1586.1,2998.588
15.31966,0.5546022,2,-30.70314,0,1,1,69.4037,-1586.129,2998.304
15.07979,0.5439105,2,-31.13126,0,1,1,69.42981,-1586.157,2998.023
14.83981,0.5332719,2,-31.51108,0,1,1,69.45627,-1586.185,2997.744
14.60171,0.522828,2,-31.84488,0,1,1,69.48283,-1586.212,2997.47
14.36114,0.5126682,2,-32.14362,0,1,1,69.51,-1586.24,2997.197
14.12357,0.5024804,2,-32.40433,0,1,1,69.53713,-1586.267,2996.929
13.88464,0.4924941,2,-32.63623,0,1,1,69.56474,-1586.294,2996.663
13.64455,0.4826354,2,-32.84196,0,1,1,69.59277,-1586.321,2996.397
13.40514,0.472621,2,-33.02282,0,1,1,69.62103,-1586.348,2996.136
13.16518,0.4626164,2,-33.18254,0,1,1,69.64967,-1586.375,2995.876
12.92675,0.4524817,2,-33.32224,0,1,1,69.67842,-1586.401,2995.621
12.68765,0.4423709,2,-33.44554,0,1,1,69.70757,-1586.427,2995.368
12.44801,0.4322253,2,-33.55418,0,1,1,69.73709,-1586.452,2995.118
12.20807,0.4161971,2,-33.64969,0,0,0.1,69.76696,-1586.48,2994.869
11.96824,0.4001767,2,-33.7332,0,0,0.1,69.79697,-1586.509,2994.623
11.72946,0.3842264,2,-33.8059,0,0,0.1,69.82701,-1586.54,2994.38
11.65004,0.3681903,2,-33.86983,0,0,0.1320082,69.85736,-1586.573,2994.139
11.88868,0.3522492,2,-33.92533,0,0,0.1638268,69.88768,-1586.607,2993.901
11.91181,0.3362257,2,-33.97408,0,0,0.1958098,69.91831,-1586.644,2993.664
11.81262,0.3201622,2,-34.01673,0,0,0.2278726,69.94917,-1586.682,2993.429
11.67504,0.3044019,2,-34.05322,0,0,0.2593304,69.9796,-1586.72,2993.2
11.52221,0.2882298,2,-34.08594,0,0,0.29161,70.01097,-1586.761,2992.969
11.37408,0.2722648,2,-34.11404,0,0,0.3234762,70.04209,-1586.803,2992.742
11.2141,0.2562819,2,-34.13857,0,0,0.3553782,70.0734,-1586.847,2992.518
11.0698,0.2403969,2,-34.15979,0,0,0.3870848,70.10467,-1586.892,2992.298
10.9247,0.2245068,2,-34.17829,0,0,0.4188016,70.1361,-1586.938,2992.08
10.77105,0.2085963,2,-34.19442,0,0,0.450559,70.16772,-1586.985,2991.864
10.61951,0.2,2,-34.20881,0,0,0.4831158,70.20029,-1587.035,2991.645
10.45609,0.2,2,-34.22103,0,0,0.5150538,70.23236,-1587.084,2991.431
10.27989,0.2,2,-34.23162,0,0,0.5469228,70.2645,-1587.134,2991.22
10.1283,0.2,2,-34.24081,0,0,0.5787764,70.29673,-1587.185,2991.01
9.973814,0.2,2,-34.2488,0,0,0.6106632,70.32911,-1587.237,2990.802
9.782921,0.2,2,-34.25573,0,0,0.6425704,70.36162,-1587.29,2990.595
9.587967,0.2,2,-34.2617,0,0,0.6743122,70.39406,-1587.343,2990.391
9.456223,0.2,2,-34.26694,0,0,0.7064436,70.42699,-1587.398,2990.188
9.337317,0.2052942,2,-29.60094,0,0,0.7383322,70.45979,-1587.453,2989.987
9.224396,0.2188722,2,-25.58002,0,0,0.7700734,70.49252,-1587.509,2989.79
9.087115,0.2315689,2,-22.04985,0,0,0.8022532,70.52579,-1587.567,2989.592
8.996748,0.2439301,2,-19.02323,0,0,0.8341938,70.5589,-1587.625,2989.398
8.920701,0.2553638,2,-16.4146,0,0,0.8660386,70.59199,-1587.684,2989.207
9.047075,0.2662342,2,-14.17008,0,0,0.8977321,70.625,-1587.744,2989.018
9.27459,0.2759464,2,-12.19802,0,0,0.9299268,70.65862,-1587.806,2988.829
9.375062,0.2850836,2,-10.5055,0,0,0.9619629,70.69214,-1587.868,2988.642
9.433105,0.2935733,2,-9.049781,0,0,0.9938967,70.72563,-1587.931,2988.458
9.445549,0.2937132,2,-7.806851,0,0,1,70.75883,-1587.995,2988.278
9.472445,0.2920388,2,-6.72068,0,0,1,70.79247,-1588.059,2988.097
9.464327,0.2899232,2,-5.784458,0,0,1,70.82616,-1588.125,2987.919
9.443716,0.2876199,2,-4.977646,0,0,1,70.85989,-1588.192,2987.742
9.418077,0.2855043,2,-4.282275,0,0,1,70.89368,-1588.259,2987.568
9.385505,0.2833428,2,-3.687227,0,0,1,70.92728,-1588.327,2987.396
9.344871,0.2807164,2,-3.175584,0,0,1,70.96084,-1588.395,2987.228
9.283369,0.2644514,2,-2.722613,0,0,0.1,70.99533,-1588.466,2987.057
9.217027,0.2486046,1,-2.343758,0,0,0.1316304,71.02897,-1588.536,2986.893
9.102909,0.2327356,1,-2.016745,0,0,0.163305,71.06269,-1588.607,2986.731
9.054845,0.2168803,1,-1.735265,0,0,0.1949522,71.09641,-1588.679,2986.572
9.012177,0.2004416,1,-1.483879,0,0,0.227764,71.1314,-1588.755,2986.411
8.972111,0.2,1,-1.275872,0,0,0.2594788,71.16525,-1588.829,2986.258
8.886391,0.2,1,-1.09477,0,0,0.2915606,71.1995,-1588.906,2986.107
8.886209,0.2,1,-0.9400694,0,0,0.323469,71.23358,-1588.983,2985.96
8.827676,0.2,1,-0.8070416,0,0,0.3553904,71.2677,-1589.061,2985.816
8.753247,0.2,1,-0.693668,0,0,0.3870482,71.30155,-1589.139,2985.676
8.672567,0.2,1,-0.5945436,0,0,0.4,71.33597,-1589.22,2985.536
8.593638,0.2,1,-0.5104148,0,0,0.4,71.37003,-1589.3,2985.401
8.511655,0.2,1,-0.4384181,0,0,0.4,71.40397,-1589.381,2985.269
8.27086,0.2,1,-0.3757227,0,0,0.4,71.43835,-1589.464,2985.136
8.030798,0.2,1,-0.3220968,0,0,0.4,71.47266,-1589.546,2985.006
8.12921,0.2,1,-0.2761326,0,0,0.4,71.50694,-1589.628,2984.878
8.071095,0.2,1,-0.2373808,0,0,0.4,71.54063,-1589.71,2984.753
8.009472,0.2,1,-0.203109,0,0,0.4,71.57527,-1589.794,2984.628
7.968736,0.2,1,-0.1741511,0,0,0.4,71.60945,-1589.878,2984.506
7.927309,0.2,1,-0.1492245,0,0,0.4,71.64374,-1589.962,2984.386
7.894885,0.2,1,-0.1279242,0,0,0.4,71.6779,-1590.047,2984.27
7.866846,0.2,1,-0.1097086,0,0,0.4,71.71195,-1590.132,2984.156
7.841212,0.2,1,-0.09370383,0,0,0.4,71.74681,-1590.22,2984.041
7.834133,0.2,1,-0.08026265,0,0,0.4,71.78105,-1590.307,2983.93
7.59485,0.2,1,-0.06876964,0,0,0.4,71.8152,-1590.394,2983.822
7.632927,0.2,1,-0.05896165,0,0,0.4,71.84919,-1590.481,2983.715
7.607447,0.2,1,-0.05059706,0,0,0.4,71.88297,-1590.568,2983.611
7.56045,0.2,1,-0.0433946,0,0,0.4,71.91684,-1590.654,2983.508
7.479913,0.2,1,-0.03722665,0,0,0.4,71.95064,-1590.741,2983.407
7.396249,0.2,1,-0.03187692,0,0,0.4,71.98478,-1590.829,2983.307
7.314671,0.2,1,-0.02728628,0,0,0.4,72.01896,-1590.917,2983.208
7.231775,0.2,1,-0.02341382,0,0,0.4,72.0526,-1591.005,2983.114
7.156135,0.2,1,-0.02000937,0,0,0.4,72.08704,-1591.094,2983.018
7.090109,0.2,1,-0.01713778,0,0,0.4,72.12099,-1591.183,2982.926
7.032587,0.2,1,-0.01457918,0,0,0.4,72.15625,-1591.275,2982.833
6.991715,0.2,1,-0.01247031,0,0,0.4,72.19036,-1591.365,2982.745
6.955989,0.2,1,-0.01069125,0,0,0.4,72.22395,-1591.455,2982.659
6.928082,0.2,1,-0.009158827,0,0,0.4,72.25765,-1591.545,2982.576
6.920856,0.2,1,-0.00752234,0,0,0.4,72.2996,-1591.658,2982.473
6.933547,0.2,1,-0.006631031,0,0,0.4,72.32735,-1591.733,2982.407
6.948415,0.2,1,-0.005750212,0,0,0.4,72.35843,-1591.818,2982.334
6.96662,0.2,1,-0.004925756,0,0,0.4,72.39192,-1591.91,2982.258
6.985459,0.2,1,-0.004212718,0,0,0.4,72.42568,-1592.003,2982.184
6.97577,0.2,1,-0.003620047,0,0,0.4,72.45844,-1592.094,2982.115
6.947242,0.2,1,-0.003104229,0,0,0.4,72.49156,-1592.187,2982.048
6.909751,0.2,1,-0.002659235,0,0,0.4,72.52483,-1592.281,2981.983
6.865763,0.2,1,-0.002188805,0,0,0.4,72.56581,-1592.398,2981.907
6.797657,0.2,1,-0.001935177,0,0,0.4,72.5926,-1592.475,2981.86
6.792655,0.2,1,-0.00166467,0,0,0.4,72.62486,-1592.569,2981.806
6.781045,0.2,1,-0.001424055,0,0,0.4,72.65817,-1592.666,2981.753
6.779655,0.2,1,-0.001219209,0,0,0.4,72.69126,-1592.764,2981.703
6.822073,0.2,1,-0.001044566,0,0,0.4,72.72416,-1592.861,2981.656
6.851628,0.2,1,-0.0008958724,0,0,0.4,72.7568,-1592.958,2981.611
6.869758,0.2,1,-0.0007669567,0,0,0.4,72.78974,-1593.056,2981.569
6.87757,0.2,1,-0.0006564986,0,0,0.4,72.82267,-1593.155,2981.529
6.871333,0.2,1,-0.0005631243,0,0,0.4,72.85515,-1593.252,2981.49
6.764871,0.2,1,-0.0004832236,0,0,0.4,72.88751,-1593.349,2981.454
6.728588,0.2,1,-0.0004140919,0,0,0.4,72.9201,-1593.446,2981.419
6.681747,0.2,1,-0.0003554644,0,0,0.4,72.95233,-1593.543,2981.386
6.626541,0.2,1,-0.0003046192,0,0,0.4,72.98486,-1593.64,2981.354
6.56171,0.2,1,-0.0002612968,0,0,0.4,73.01716,-1593.736,2981.323
6.486253,0.2,1,-0.0002241566,0,0,0.4,73.04941,-1593.832,2981.294
6.409931,0.2,1,-0.0001923818,0,0,0.4,73.08154,-1593.928,2981.267
6.341689,0.2,1,-0.000164717,0,0,0.4,73.11409,-1594.024,2981.24
6.284316,0.2,1,-0.0001410218,0,0,0.4,73.14662,-1594.121,2981.216
6.235836,0.2,1,-0.0001207051,0,0,0.4,73.17917,-1594.217,2981.193
6.189914,0.2158523,1,-0.0001034892,1,0,0.4316414,73.21135,-1594.313,2981.172
6.272511,0.2319393,1,-8.852613E-05,1,0,0.463751,73.24389,-1594.411,2981.152
6.342906,0.2479203,1,-7.582767E-05,1,0,0.4956494,73.27608,-1594.51,2981.134
6.39498,0.2639199,1,-6.495489E-05,1,0,0.5275846,73.30816,-1594.611,2981.118
6.43909,0.2798569,1,-5.569362E-05,1,0,0.559395,73.33995,-1594.713,2981.103
6.48613,0.2957164,1,-4.780679E-05,1,0,0.5910508,73.37141,-1594.816,2981.09
6.630563,0.3119148,1,-4.090642E-05,1,0,0.6233828,73.40337,-1594.922,2981.079
6.785634,0.327884,1,-3.509922E-05,1,0,0.6552574,73.43466,-1595.03,2981.07
6.956893,0.3439302,1,-3.010539E-05,1,0,0.6872858,73.46589,-1595.14,2981.062
7.140894,0.3597409,1,-2.589665E-05,1,0,0.7188442,73.49643,-1595.25,2981.056
7.301166,0.3756269,1,-2.226961E-05,1,0,0.7505526,73.52688,-1595.364,2981.052
7.475421,0.3915148,1,-1.915956E-05,1,0,0.782265,73.55709,-1595.48,2981.049
7.651069,0.4074252,1,-1.648833E-05,1,0,0.8140224,73.5871,-1595.599,2981.047
7.828635,0.423322,1,-1.41988E-05,1,0,0.8457524,73.61684,-1595.721,2981.045
8.011327,0.4390714,1,-1.2252E-05,1,0,0.8771884,73.64604,-1595.844,2981.044
8.206309,0.4550351,1,-1.055473E-05,1,0,0.909052,73.6754,-1595.971,2981.043
8.404136,0.4709236,1,-9.103879E-06,1,0,0.9407656,73.70438,-1596.1,2981.043
8.588419,0.4868332,1,-7.854433E-06,1,0,0.9725214,73.73318,-1596.232,2981.043
8.79258,0.5025868,1,-6.789811E-06,1,0,1,73.76149,-1596.364,2981.043
9.009574,0.5184526,1,-5.865159E-06,1,0,1,73.78981,-1596.499,2981.043
9.236396,0.5343751,1,-5.065449E-06,1,0,1,73.81805,-1596.636,2981.044
9.464416,0.5464222,1,-4.379879E-06,1,0,1,73.84595,-1596.774,2981.044
9.689133,0.5576544,1,-3.786628E-06,1,0,1,73.87377,-1596.915,2981.045
9.91169,0.5688435,1,-3.278474E-06,1,0,1,73.90121,-1597.056,2981.045
10.12957,0.579986,1,-2.835318E-06,1,0,1,73.92874,-1597.2,2981.045
10.34661,0.5908666,1,-2.455631E-06,1,0,1,73.95589,-1597.345,2981.045
10.55929,0.6016536,1,-2.125318E-06,1,0,1,73.98305,-1597.493,2981.046
10.77091,0.6123819,1,-1.841285E-06,1,0,1,74.0099,-1597.642,2981.046
10.98012,0.6229317,1,-1.595707E-06,1,0,1,74.03658,-1597.793,2981.045
11.18957,0.6337054,1,-1.383048E-06,1,0,1,74.06313,-1597.947,2981.045
11.40127,0.6442502,1,-1.200192E-06,1,0,1,74.08933,-1598.101,2981.044
11.61404,0.6548633,1,-1.04007E-06,1,0,1,74.11566,-1598.26,2981.043
11.83188,0.6654747,1,-9.030265E-07,1,0,1,74.14154,-1598.418,2981.041
12.04975,0.6761323,1,-7.839157E-07,1,0,1,74.16732,-1598.58,2981.04
12.27024,0.6869509,1,-6.812228E-07,1,0,1,74.19279,-1598.743,2981.038
12.49133,0.6979321,1,-5.893974E-07,1,0,1,74.21886,-1598.914,2981.035
12.72053,0.7092013,1,-5.122864E-07,1,0,1,74.24402,-1599.083,2981.033
12.9443,0.7205868,1,-4.45183E-07,1,0,1,74.26907,-1599.255,2981.03
13.16892,0.7319316,1,-3.878135E-07,1,0,1,74.29356,-1599.428,2981.027
13.39017,0.74335,1,-3.377896E-07,1,0,1,74.31794,-1599.603,2981.023
13.61175,0.7548684,1,-2.94333E-07,1,0,1,74.3421,-1599.782,2981.019
13.8328,0.7665579,1,-2.562341E-07,1,0,1,74.36626,-1599.964,2981.015
14.05524,0.7784325,1,-2.229833E-07,1,0,1,74.39031,-1600.151,2981.01
14.27845,0.7902895,1,-1.943306E-07,1,0,1,74.41397,-1600.339,2981.004
14.49982,0.8022941,1,-1.691485E-07,1,0,1,74.43767,-1600.533,2980.999
14.7222,0.814304,1,-1.477508E-07,1,0,1,74.46064,-1600.725,2980.992
14.93947,0.8263803,1,-1.287811E-07,1,0,1,74.4838,-1600.923,2980.986
15.16013,0.838345,1,-1.124217E-07,1,0,1,74.50655,-1601.123,2980.979
15.37894,0.8502989,1,-9.819471E-08,1,0,1,74.52905,-1601.325,2980.971
15.59764,0.8621586,1,-8.580736E-08,1,0,1,74.55132,-1601.53,2980.963
15.81649,0.8740017,1,-7.507349E-08,1,0,1,74.57325,-1601.737,2980.955
16.03452,0.8858024,1,-6.577414E-08,1,0,1,74.59481,-1601.944,2980.946
16.25156,0.8975135,1,-5.762992E-08,1,0,1,74.61621,-1602.155,2980.937
16.4697,0.9091463,1,-5.055223E-08,1,0,1,74.6373,-1602.367,2980.927
16.68715,0.89326,1,-4.433512E-08,0,0,0.1,74.65826,-1602.58,2980.918
16.45045,0.8774489,2,-3.89052E-08,0,0,0.1315592,74.67914,-1602.792,2980.909
16.21293,0.8615824,2,-3.412078E-08,0,0,0.1632288,74.70009,-1603.003,2980.9
15.9742,0.8456352,2,-2.990074E-08,0,0,0.1950596,74.72115,-1603.215,2980.891
15.73682,0.8297787,2,-2.62214E-08,0,0,0.2267092,74.7421,-1603.426,2980.881
15.49803,0.8138273,2,-2.297346E-08,0,0,0.2585484,74.76318,-1603.637,2980.872
15.26203,0.7980623,2,-2.015935E-08,0,0,0.2900154,74.78403,-1603.845,2980.863
15.02297,0.782093,2,-1.765641E-08,0,0,0.3218902,74.80516,-1604.056,2980.854
14.78311,0.7660708,2,-1.545559E-08,0,0,0.3538706,74.82636,-1604.267,2980.844
14.54343,0.75006,2,-1.352925E-08,0,0,0.3858284,74.84756,-1604.477,2980.835
14.30395,0.7340629,2,-1.18434E-08,0,0,0.4177586,74.86874,-1604.687,2980.825
14.06516,0.7181118,2,-1.03709E-08,0,0,0.4495972,74.88988,-1604.895,2980.816
13.82592,0.7021303,2,-4.275396,0,0,0.4814964,74.91106,-1605.104,2980.807
13.58606,0.6861077,2,-8.030027,0,0,0.5134776,74.9323,-1605.312,2980.799
13.34713,0.6701471,2,-11.30489,0,0,0.5453349,74.95347,-1605.519,2980.792
13.10724,0.6541224,2,-14.18537,0,0,0.5773203,74.97474,-1605.726,2980.787
12.97933,0.6382249,2,-16.68719,0,0,0.6090519,74.99586,-1605.931,2980.782
12.97643,0.6222382,2,-18.89204,0,0,0.6409615,75.01714,-1606.137,2980.779
12.97141,0.6063494,2,-20.8106,0,0,0.6726757,75.03829,-1606.341,2980.776
12.96023,0.590503,2,-22.48705,0,0,0.7043054,75.05941,-1606.543,2980.775
12.94049,0.5746393,2,-23.95785,0,0,0.7359694,75.08057,-1606.745,2980.774
12.91674,0.5587851,2,-25.2457,0,0,0.7676145,75.10174,-1606.947,2980.774
12.89172,0.5422635,2,-26.42159,0,0,0.8005918,75.12381,-1607.156,2980.776
12.87709,0.5264352,2,-27.40268,0,0,0.8321851,75.14497,-1607.356,2980.779
12.8656,0.5105388,2,-28.26605,0,0,0.8639145,75.16625,-1607.557,2980.783
12.85296,0.4947165,2,-29.0185,0,0,0.895496,75.18745,-1607.755,2980.79
12.83999,0.4788153,2,-29.68102,0,0,0.9272348,75.20879,-1607.954,2980.798
12.82682,0.4627956,2,-30.26531,0,0,0.9592104,75.23032,-1608.153,2980.808
12.81268,0.4468803,2,-30.77285,0,0,0.9909774,75.25174,-1608.35,2980.82
12.79648,0.439471,2,-31.20904,0,0,1,75.2728,-1608.543,2980.833
12.77816,0.4379575,2,-31.59807,0,0,1,75.29424,-1608.738,2980.849
12.72499,0.4361405,2,-31.93643,0,0,1,75.31558,-1608.931,2980.867
12.64069,0.4341898,2,-32.23482,0,0,1,75.3371,-1609.125,2980.887
12.5571,0.4315037,2,-32.49424,0,0,1,75.35853,-1609.316,2980.908
12.55475,0.4272513,2,-32.72321,0,0,1,75.38016,-1609.508,2980.932
12.55669,0.4297566,2,-32.92398,0,0,1,75.40189,-1609.7,2980.958
12.58245,0.4302495,2,-33.09802,0,0,1,75.42348,-1609.889,2980.987
12.63729,0.4297749,2,-33.25016,0,0,1,75.4451,-1610.076,2981.018
12.65146,0.4288158,2,-33.38324,0,0,1,75.46677,-1610.263,2981.051
12.64478,0.4275435,2,-33.49948,0,0,1,75.48846,-1610.447,2981.087
12.62381,0.4260366,2,-33.60109,0,0,1,75.51018,-1610.63,2981.125
12.59335,0.4243421,2,-33.6899,0,0,1,75.53194,-1610.812,2981.166
12.55432,0.4224434,2,-33.76764,0,0,1,75.55379,-1610.993,2981.209
12.50793,0.4203764,2,-33.8355,0,0,1,75.57566,-1611.172,2981.254
12.45643,0.4182117,2,-33.8949,0,0,1,75.5976,-1611.349,2981.302
12.40072,0.4159874,2,-33.9466,0,0,1,75.61952,-1611.525,2981.352
12.34224,0.4135813,2,-33.99199,0,0,1,75.6416,-1611.7,2981.405
12.28525,0.4114548,2,-34.03139,0,0,1,75.6636,-1611.872,2981.459
12.21916,0.4090989,2,-34.06742,0,0,1,75.6867,-1612.051,2981.518
12.1635,0.393281,2,-34.09718,0,0,0.1,75.70872,-1612.22,2981.577
12.09962,0.3774081,1,-29.71469,0,0,0.1316824,75.73087,-1612.387,2981.638
12.03385,0.3613215,1,-25.83961,0,0,0.1637912,75.75336,-1612.555,2981.702
11.96187,0.3453877,1,-22.49796,0,0,0.1955952,75.77568,-1612.72,2981.767
11.89393,0.3293656,1,-19.56907,0,0,0.2275756,75.79816,-1612.884,2981.835
11.85035,0.3133698,1,-17.02301,0,0,0.2595032,75.82063,-1613.046,2981.904
11.79277,0.2974443,1,-14.81584,0,0,0.2912906,75.84303,-1613.206,2981.974
11.72502,0.2815852,1,-12.90125,0,0,0.3229456,75.86536,-1613.365,2982.045
11.63501,0.2974305,1,-11.23427,1,0,0.354573,75.88767,-1613.523,2982.118
11.61796,0.313259,1,-9.785307,1,0,0.3861668,75.90989,-1613.681,2982.192
11.66001,0.3291372,1,-8.520447,1,0,0.4178598,75.93209,-1613.839,2982.268
11.69309,0.3449649,1,-7.423841,1,0,0.449452,75.95413,-1613.998,2982.344
11.73312,0.3609037,1,-6.462978,1,0,0.481266,75.97621,-1614.159,2982.424
11.78506,0.3767211,1,-5.63421,1,0,0.5128376,75.998,-1614.319,2982.504
11.84837,0.3925853,1,-4.910912,1,0,0.5445029,76.01971,-1614.481,2982.586
11.91765,0.4084103,1,-4.28329,1,0,0.5760897,76.04123,-1614.643,2982.669
12.05057,0.424283,1,-3.735363,1,0,0.6077717,76.06265,-1614.807,2982.755
12.10398,0.4402208,1,-3.256685,1,0,0.6395837,76.08399,-1614.973,2982.842
12.17227,0.456066,1,-2.842801,1,0,0.6712109,76.10503,-1615.139,2982.93
12.26404,0.4719371,1,-2.481856,1,0,0.7028897,76.12593,-1615.307,2983.021
12.37281,0.4878721,1,-2.166313,1,0,0.7346961,76.14673,-1615.477,2983.113
12.60781,0.5036575,1,-1.894204,1,0,0.7662039,76.16714,-1615.647,2983.205
12.77252,0.5195347,1,-1.655532,1,0,0.7978949,76.1875,-1615.819,2983.299
12.9127,0.5354046,1,-1.447462,1,0,0.8295713,76.2077,-1615.993,2983.394
13.05866,0.5513813,1,-1.264658,1,0,0.8614611,76.22791,-1616.169,2983.49
13.21141,0.5671141,1,-5.365685,0,0,0.8928637,76.24767,-1616.341,2983.585
12.97357,0.5830017,1,-8.995133,0,0,0.9245755,76.26764,-1616.514,2983.681
12.73666,0.5988269,1,-12.15882,0,0,0.9561627,76.28754,-1616.686,2983.778
12.56462,0.6147276,1,-14.94207,0,0,0.9879007,76.30754,-1616.857,2983.876
12.5187,0.6305748,1,-17.36898,0,0,1,76.32749,-1617.026,2983.976
12.53427,0.6464886,1,-19.50216,0,0,1,76.34754,-1617.194,2984.076
12.55705,0.662347,1,-21.36148,0,0,1,76.36754,-1617.361,2984.178
12.57575,0.6782081,1,-22.98872,1,0,1,76.38756,-1617.527,2984.281
12.81367,0.6941013,1,-24.41272,1,0,1,76.40753,-1617.693,2984.387
13.05145,0.709985,1,-25.65536,1,0,1,76.4274,-1617.86,2984.494
13.2899,0.7259133,1,-26.74365,1,0,1,76.44724,-1618.026,2984.604
13.53819,0.7424991,1,-27.73301,1,0,1,76.46779,-1618.199,2984.719
13.75481,0.7583755,1,-28.55497,1,0,1,76.48736,-1618.365,2984.833
13.89031,0.7742419,1,-29.27263,1,0,1,76.50681,-1618.53,2984.948
14.01808,0.7900352,1,-29.89685,1,0,1,76.52607,-1618.694,2985.065
14.14418,0.8059835,1,-30.44809,1,0,1,76.54541,-1618.86,2985.186
14.26826,0.8220109,1,-30.93193,1,0,1,76.56472,-1619.027,2985.309
14.39208,0.8312907,1,-31.36643,1,0,1,76.58446,-1619.198,2985.438
14.51624,0.8390433,1,-31.72825,1,0,1,76.60324,-1619.362,2985.565
14.64083,0.8466848,1,-32.04554,1,0,1,76.62194,-1619.526,2985.694
14.76785,0.8546855,1,-32.33073,1,0,1,76.64103,-1619.695,2985.829
14.89089,0.8631531,1,-32.57457,1,0,1,76.65961,-1619.86,2985.964
15.10651,0.8472732,1,-32.78708,0,0,0.1,76.67801,-1620.022,2986.1
14.87036,0.8314986,2,-32.97236,0,0,0.1314864,76.69632,-1620.181,2986.237
14.63285,0.8156325,2,-33.13606,0,0,0.1631552,76.71477,-1620.338,2986.376
14.39581,0.7997982,2,-29.05483,0,0,0.1947606,76.73321,-1620.493,2986.517
14.1462,0.7831244,2,-25.283,0,0,0.2280416,76.75266,-1620.653,2986.667
13.91027,0.7673644,2,-22.17766,0,0,0.2594986,76.77108,-1620.803,2986.81
13.76514,0.7514658,2,-19.42719,0,0,0.2912324,76.78969,-1620.951,2986.955
13.69887,0.7356264,2,-17.02459,0,0,0.322848,76.80825,-1621.097,2987.102
13.63958,0.7197457,2,-14.91182,0,0,0.354546,76.82689,-1621.241,2987.249
13.58109,0.7038682,2,-13.06005,0,0,0.3862376,76.84555,-1621.383,2987.398
13.52616,0.6880109,2,-11.43899,0,0,0.417889,76.86421,-1621.524,2987.547
13.46159,0.6721359,2,-10.01645,0,0,0.4495756,76.88292,-1621.663,2987.697
13.40017,0.6562902,2,-8.772182,0,0,0.4812036,76.90161,-1621.801,2987.848
13.32755,0.6402931,2,-7.671247,0,0,0.5131341,76.92049,-1621.938,2988
13.25606,0.6242984,2,-6.707924,0,0,0.5450597,76.9394,-1622.075,2988.153
13.183,0.6083784,2,-5.868907,0,0,0.5768361,76.95824,-1622.209,2988.306
13.10801,0.5924328,2,-5.133137,0,0,0.6086637,76.97711,-1622.343,2988.459
13.03336,0.5766501,2,-4.495749,0,0,0.6401661,76.99581,-1622.473,2988.612
12.95905,0.5608381,2,-3.936104,0,0,0.6717269,77.01456,-1622.603,2988.764
12.88678,0.5449993,2,-3.44498,0,0,0.7033413,77.03335,-1622.732,2988.918
12.81369,0.529108,2,-3.013446,0,0,0.7350605,77.05221,-1622.86,2989.072
12.74195,0.513244,2,-2.636393,0,0,0.7667251,77.07105,-1622.987,2989.226
12.68937,0.4974127,2,-2.307004,0,0,0.7983245,77.08987,-1623.112,2989.381
12.63826,0.4815098,2,-2.017298,0,0,0.8300669,77.10876,-1623.237,2989.536
12.59077,0.465654,2,-1.764577,0,0,0.8617153,77.12762,-1623.361,2989.691
12.54312,0.4497724,2,-1.543032,0,0,0.8934151,77.14651,-1623.483,2989.846
12.49559,0.4337613,2,-1.347616,0,0,0.9253733,77.16556,-1623.606,2990.003
12.44955,0.4263766,2,-1.176087,0,0,0.9574755,77.1847,-1623.729,2990.16
12.40811,0.4399777,2,-1.026647,0,0,0.9895059,77.2038,-1623.85,2990.317
12.40724,0.4439073,2,-0.8967087,0,0,1,77.22282,-1623.97,2990.474
12.40309,0.4431531,2,-0.7832562,0,0,1,77.24183,-1624.089,2990.631
12.39533,0.4423675,2,-0.6844796,0,0,1,77.26077,-1624.207,2990.787
12.385,0.4415717,2,-0.598618,0,0,1,77.27959,-1624.324,2990.942
12.30906,0.4393729,2,-0.5212569,0,0,1,77.29898,-1624.444,2991.101
12.29254,0.4350289,2,-0.4557328,0,0,1,77.31783,-1624.559,2991.256
12.27236,0.4320101,2,-0.398296,0,0,1,77.33671,-1624.675,2991.412
12.25313,0.4276191,2,-0.3480771,0,0,1,77.35558,-1624.79,2991.567
12.22887,0.4266153,2,-0.2937596,0,0,1,77.37892,-1624.932,2991.759
12.19236,0.4246413,2,-0.263042,0,0,1,77.39454,-1625.027,2991.888
12.1782,0.421443,2,-0.2316761,0,0,1,77.41233,-1625.135,2992.035
12.15887,0.4204656,2,-0.2023975,0,0,1,77.43117,-1625.25,2992.19
12.13832,0.4180998,2,-0.1755531,0,0,1,77.45091,-1625.37,2992.352
12.12337,0.4207194,2,-0.1533371,0,0,1,77.46972,-1625.485,2992.507
12.10665,0.4222715,2,-0.1338537,0,0,1,77.48859,-1625.6,2992.662
12.09945,0.4230678,2,-0.1168227,0,0,1,77.50745,-1625.716,2992.817
12.09595,0.4234101,2,-0.09820666,0,0,1,77.53106,-1625.86,2993.012
12.0035,0.4171734,2,-0.08783507,0,0,1,77.54668,-1625.956,2993.14
11.93837,0.4210052,2,-0.07740908,0,0,1,77.56423,-1626.063,2993.285
11.83958,0.4224656,2,-0.06746352,0,0,1,77.58321,-1626.179,2993.442
11.82069,0.4218626,2,-0.0589264,0,0,1,77.6019,-1626.292,2993.596
11.90012,0.4241699,2,-0.05144571,0,0,1,77.62061,-1626.406,2993.75
11.96161,0.4266384,2,-0.04490371,0,0,1,77.63933,-1626.52,2993.906
12.00991,0.4294203,2,-0.0392308,0,0,1,77.6579,-1626.632,2994.061
12.04762,0.4315381,2,-0.03425958,0,0,1,77.6765,-1626.745,2994.216
12.08543,0.4336263,2,-0.02996071,0,0,1,77.69488,-1626.855,2994.37
12.15756,0.4355732,2,-0.0261651,0,0,1,77.71341,-1626.967,2994.526
12.22615,0.4374335,2,-0.02283792,0,0,1,77.73198,-1627.079,2994.683
12.2859,0.4391296,2,-0.01992873,0,0,1,77.75056,-1627.192,2994.84
12.33595,0.4405684,2,-0.01739661,0,0,1,77.76905,-1627.303,2994.997
12.37705,0.4417752,2,-0.01518441,0,0,1,77.78753,-1627.415,2995.155
12.40896,0.4426261,2,-0.01325397,0,0,1,77.80598,-1627.527,2995.312
12.44325,0.4436813,2,-0.01156782,0,0,1,77.82441,-1627.638,2995.47
12.47256,0.4445116,2,-0.01009001,0,0,1,77.8429,-1627.75,2995.628
12.41002,0.4434215,2,-0.008810331,0,0,1,77.86124,-1627.86,2995.786
12.40894,0.4432616,2,-0.007691741,0,0,1,77.87959,-1627.971,2995.944
12.40755,0.443486,2,-0.006710955,0,0,1,77.89799,-1628.081,2996.102
12.3932,0.4434739,2,-0.00586198,0,0,1,77.91626,-1628.191,2996.259
12.3758,0.4432199,2,-0.005109488,0,0,1,77.93478,-1628.302,2996.419
12.37736,0.4430592,2,-0.004460298,0,0,1,77.95309,-1628.411,2996.577
12.36548,0.442696,2,-0.003891379,0,0,1,77.97147,-1628.52,2996.735
12.34342,0.4419832,2,-0.003398761,0,0,1,77.98971,-1628.627,2996.893
12.31739,0.4410515,2,-0.00296174,0,0,1,78.00822,-1628.736,2997.052
12.29086,0.4400377,2,-0.002586629,0,0,1,78.02645,-1628.843,2997.209
12.26542,0.4389952,2,-0.002252955,0,0,1,78.04501,-1628.951,2997.369
12.22511,0.4376126,2,-0.001967745,0,0,1,78.06322,-1629.057,2997.526
12.18333,0.4360462,2,-0.001712165,0,0,1,78.08191,-1629.165,2997.687
12.13952,0.4344263,2,-0.001494322,0,0,1,78.1002,-1629.271,2997.844
12.09379,0.4327505,2,-0.001303188,0,0,1,78.11859,-1629.376,2998.001
12.0478,0.4310566,2,-0.001135847,0,0,1,78.13705,-1629.482,2998.159
11.99138,0.429003,2,-0.000990773,0,0,1,78.15541,-1629.587,2998.315
11.92272,0.4268785,2,-0.0008636925,0,0,1,78.17385,-1629.691,2998.472
11.86864,0.4247661,2,-0.0007530552,0,0,1,78.19227,-1629.796,2998.628
11.81244,0.4221517,2,-0.0006566491,0,0,1,78.21066,-1629.9,2998.783
11.76282,0.4203269,2,-0.0005721144,0,0,1,78.22916,-1630.004,2998.938
11.72022,0.4188359,2,-0.0004987447,0,0,1,78.2476,-1630.107,2999.093
11.67963,0.417457,2,-0.000433328,0,0,1,78.26644,-1630.213,2999.25
11.64524,0.4165913,2,-0.0003778327,0,0,1,78.28485,-1630.315,2999.403
11.61081,0.4155867,2,-0.000329511,0,0,1,78.30325,-1630.417,2999.555
11.57416,0.4146569,2,-0.0002872959,0,0,1,78.32168,-1630.52,2999.707
11.53316,0.4138183,2,-0.00024994,0,0,1,78.34039,-1630.623,2999.86
11.51116,0.4132544,2,-0.00021814,0,0,1,78.35871,-1630.724,3000.009
11.48917,0.4124888,2,-0.0001902858,0,0,1,78.37709,-1630.825,3000.158
11.46185,0.4114885,2,-0.0001658259,0,0,1,78.3956,-1630.927,3000.307
11.43558,0.410463,2,-0.0001446964,0,0,1,78.41395,-1631.027,3000.455
11.40975,0.409345,2,-0.0001260888,0,0,1,78.43247,-1631.128,3000.604
11.38443,0.3927583,2,-0.0001091547,0,0,0.1,78.45182,-1631.233,3000.758
11.35911,0.3767929,1,-9.503288E-05,0,0,0.131867,78.47047,-1631.334,3000.906
11.33237,0.3609506,1,-8.282335E-05,0,0,0.1634884,78.48901,-1631.433,3001.052
11.2965,0.3450862,1,-7.21594E-05,0,0,0.1951538,78.50758,-1631.533,3001.199
11.25337,0.3288682,1,-6.26549E-05,0,0,0.227525,78.5266,-1631.635,3001.348
11.19444,0.3129042,1,-5.452606E-05,0,0,0.2593892,78.54533,-1631.734,3001.494
11.1372,0.297145,1,-4.753797E-05,0,0,0.2908448,78.56383,-1631.833,3001.638
11.07651,0.2807582,1,-4.11988E-05,0,0,0.323553,78.58308,-1631.935,3001.787
11.01509,0.2650413,1,-3.592614E-05,0,0,0.354924,78.60156,-1632.032,3001.929
10.95326,0.2620811,1,-3.126392E-05,0,1,0.3867148,78.62031,-1632.129,3002.071
10.7157,0.2779501,1,-2.720523E-05,0,1,0.4183896,78.6392,-1632.224,3002.21
10.47747,0.2938637,1,-2.365027E-05,0,1,0.4501532,78.65834,-1632.318,3002.347
10.24018,0.3097146,1,-4.480216,0,1,0.4817916,78.6776,-1632.41,3002.482
10.00164,0.3251699,1,-8.40949,0,1,0.513597,78.69713,-1632.5,3002.615
9.765759,0.3393535,1,-11.79471,0,1,0.5450482,78.71663,-1632.588,3002.744
9.520219,0.3538274,1,-14.86794,0,1,0.5777869,78.73711,-1632.677,3002.876
9.281725,0.3667649,1,-17.45425,0,1,0.6095861,78.7572,-1632.763,3003.003
9.041673,0.3793159,1,-19.71854,0,1,0.641593,78.7776,-1632.847,3003.128
8.801521,0.3911753,1,-21.68586,0,1,0.6736133,78.79819,-1632.93,3003.252
8.56144,0.4028187,1,-23.3926,0,1,0.705624,78.81895,-1633.011,3003.373
8.322457,0.4136478,1,-24.86633,0,1,0.7374884,78.83979,-1633.09,3003.492
8.08488,0.4240964,1,-26.1373,0,1,0.7691655,78.86066,-1633.167,3003.608
7.846818,0.4339378,1,-27.24263,0,1,0.8009071,78.88174,-1633.243,3003.722
7.604346,0.4435367,1,-28.21893,0,1,0.8332367,78.90338,-1633.319,3003.837
7.366434,0.4520173,1,-24.37676,0,1,0.8649583,78.92478,-1633.392,3003.947
7.126468,0.4601144,1,-21.01887,0,1,0.8969537,78.94653,-1633.464,3004.056
6.888777,0.4672584,1,-18.14207,0,1,0.9286459,78.96823,-1633.534,3004.162
6.650638,0.4738004,1,-15.64664,0,1,0.9476008,78.99014,-1633.603,3004.267
6.409798,0.4734933,1,-13.4632,0,1,0.9469867,79.01248,-1633.671,3004.37
6.173805,0.4628025,1,-11.61633,0,1,0.925605,79.03455,-1633.736,3004.469
5.936898,0.4469771,1,-10.01155,0,1,0.8939542,79.05687,-1633.8,3004.565
5.69893,0.4310809,1,-8.617766,0,1,0.8621618,79.07948,-1633.862,3004.66
5.46151,0.4152212,1,-7.416822,0,1,0.8304424,79.1022,-1633.923,3004.753
5.214511,0.3987217,1,-6.337939,0,1,0.7974434,79.12605,-1633.985,3004.847
4.975314,0.3827433,1,-5.441967,0,1,0.7654866,79.14934,-1634.043,3004.935
4.735232,0.3667058,1,-4.667139,0,1,0.7334116,79.17291,-1634.099,3005.021
4.496885,0.3507842,1,-4.00512,0,1,0.7015684,79.19652,-1634.154,3005.104
4.258034,0.3348289,1,-3.433806,0,1,0.6696579,79.22038,-1634.207,3005.185
4.02027,0.3189463,1,-2.944491,0,1,0.6378927,79.24432,-1634.258,3005.262
3.781116,0.3029709,1,-2.520953,0,1,0.6059417,79.26862,-1634.308,3005.338
3.543951,0.2871282,1,-2.160067,0,1,0.5742565,79.29292,-1634.356,3005.41
3.308324,0.2713883,1,-1.851755,0,1,0.5427766,79.31725,-1634.401,3005.48
3.066248,0.2552176,1,-1.579256,0,1,0.5104353,79.34247,-1634.447,3005.548
2.828522,0.2393375,1,-1.350204,0,1,0.4786751,79.36744,-1634.489,3005.613
2.587602,0.2232441,1,-1.151036,0,1,0.4464883,79.39296,-1634.531,3005.676
2.351075,0.2074441,1,-0.983741,0,1,0.4148882,79.41822,-1634.57,3005.735
2.101099,0.2,1,-0.8320976,0,1,0.4,79.44514,-1634.609,3005.795
1.863037,0.2,1,-0.7094883,0,1,0.4,79.47099,-1634.645,3005.849
1.62105,0.2,1,-0.6028458,0,1,0.4,79.49748,-1634.68,3005.902
1.385253,0.2,1,-0.5142332,0,1,0.4,79.52351,-1634.712,3005.95
1.142543,0.2,1,-0.4361579,0,1,0.4,79.5505,-1634.743,3005.998
0.9054574,0.2,1,-0.3712395,0,1,0.4,79.57708,-1634.771,3006.041
0.6649475,0.2,1,-0.3149897,0,1,0.4,79.60426,-1634.799,3006.083
0.426827,0.2,1,-0.2675701,0,1,0.4,79.63137,-1634.824,3006.121
0.1886135,0.2,1,-0.2271328,0,1,0.4,79.6587,-1634.848,3006.157
0,0.2,1,-0.1925366,0,1,0.4,79.68636,-1634.87,3006.191
0,0.2,1,-0.1628801,0,1,0.4,79.71444,-1634.89,3006.222
0,0.2,1,-0.1378307,0,1,0.4,79.7426,-1634.909,3006.25
0,0.2,1,-0.1158504,0,1,0.4,79.77191,-1634.926,3006.276
0,0.2,1,-0.09799285,0,1,0.4,79.80036,-1634.941,3006.298
0,0.2,1,-0.08266696,0,1,0.4,79.82935,-1634.954,3006.318
0,0.2,1,-0.07013544,0,1,0.4,79.85754,-1634.964,3006.335
0,0.2,1,-0.05911574,0,1,0.4,79.88688,-1634.974,3006.35
0,0.2,1,-0.0496918,0,1,0.4,79.91676,-1634.981,3006.363
0,0.2,1,-0.04192097,0,0,0.1,79.94617,-1634.987,3006.375
0,0.2,1,-0.03541886,0,0,0.1,79.97536,-1634.99,3006.385
0.2434635,0.2,1,-0.02973569,0,0,0.1,80.00563,-1634.993,3006.395
0.477516,0.2,1,-0.02513744,0,0,0.1,80.03486,-1634.993,3006.402
0.6091228,0.2,1,-0.02118403,0,0,0.1,80.06465,-1634.993,3006.407
0.4893398,0.2,1,-0.01777763,0,0,0.1,80.09515,-1634.992,3006.412
0.3822933,0.2,1,-0.01494462,0,0,0.1,80.12541,-1634.99,3006.415
0.2863522,0.2,1,-0.01256816,0,0,0.1,80.15562,-1634.987,3006.418
0.2101094,0.2,1,-0.01058289,0,0,0.1,80.18563,-1634.985,3006.42
0.157153,0.2,1,-0.008881589,0,0,0.1,80.21615,-1634.983,3006.422
0.1199438,0.2,1,-0.007471712,0,0,0.1,80.24626,-1634.98,3006.424
0.09307112,0.2,1,-0.006291839,0,0,0.1,80.27618,-1634.978,3006.425
0.0768677,0.2,1,-0.00529357,0,0,0.1,80.3062,-1634.975,3006.427
0.06738602,0.2,1,-0.004456556,0,0,0.1,80.33607,-1634.973,3006.428
0.06104303,0.2,1,-0.003749653,0,0,0.1,80.36599,-1634.971,3006.429
0.05624061,0.2,1,-0.003154245,0,0,0.1,80.3959,-1634.969,3006.43
0.05199838,0.2,1,-0.002656401,0,0,0.1,80.42559,-1634.968,3006.43
0.04962307,0.2,1,-0.002234873,0,0,0.1,80.45541,-1634.966,3006.431
0.04753421,0.2,1,-0.001881307,0,0,0.1,80.48508,-1634.964,3006.432
0.04540791,0.2,1,-0.001582537,0,0,0.1,80.51484,-1634.963,3006.433
0.04326565,0.2,1,-0.001333252,0,0,0.1,80.54432,-1634.962,3006.434
0.04093644,0.2,1,-0.001121827,0,0,0.1,80.57396,-1634.961,3006.434
0.03867878,0.2,1,-0.0009439195,0,0,0.1,80.60356,-1634.96,3006.435
0.03643473,0.2,1,-0.00079495,0,0,0.1,80.63298,-1634.959,3006.435
0.03422216,0.2,1,-0.0006688376,0,0,0.1,80.66252,-1634.958,3006.436
0.03151683,0.2,1,-0.0005627713,0,0,0.1,80.69201,-1634.957,3006.436
0.0289463,0.2,1,-0.0004733509,0,0,0.1,80.72151,-1634.956,3006.437
0.02690599,0.2,1,-0.0003978737,0,0,0.1,80.75108,-1634.955,3006.437
0.0250357,0.2,1,-0.0003342047,0,0,0.1,80.78072,-1634.955,3006.438
0.02375676,0.2,1,-0.0002808987,0,0,0.1,80.81022,-1634.954,3006.438
0.02234872,0.2,1,-0.0002362105,0,0,0.1,80.83961,-1634.954,3006.438
0.02111063,0.2,1,-0.0001987594,0,0,0.1,80.86885,-1634.953,3006.438
0.02004754,0.2,1,-0.000166751,0,0,0.1,80.89852,-1634.953,3006.438
0.01908311,0.2,1,-0.0001401927,0,0,0.1,80.92783,-1634.952,3006.439
0.0180691,0.2,1,-0.0001179244,0,0,0.1,80.95701,-1634.952,3006.439
0.01712822,0.2,1,-9.932143E-05,0,0,0.1,80.98595,-1634.952,3006.439
0.01612964,0.2,1,-8.316014E-05,0,0,0.1,81.01577,-1634.951,3006.439
0.01521054,0.2,1,-6.993925E-05,0,0,0.1,81.04486,-1634.951,3006.44
0.01427836,0.2,1,-5.876366E-05,0,0,0.1,81.07406,-1634.951,3006.44
0.01359059,0.2,1,-4.938727E-05,0,0,0.1,81.10317,-1634.951,3006.44
0.01349733,0.2,1,-4.146674E-05,0,0,0.1,81.1324,-1634.95,3006.44
0.01329135,0.2,1,-3.488589E-05,0,0,0.1,81.16129,-1634.95,3006.44
0.01341587,0.2,1,-2.932919E-05,0,0,0.1,81.19023,-1634.95,3006.44
0.01269348,0.2,1,-2.464949E-05,0,0,0.1,81.21919,-1634.95,3006.44
0.01173212,0.2,1,-2.071491E-05,0,0,0.1,81.24812,-1634.95,3006.44
0.009864848,0.2,1,-1.740771E-05,0,0,0.1,81.27702,-1634.949,3006.44
0.008254773,0.2,1,-1.462962E-05,0,0,0.1,81.30588,-1634.949,3006.44
0.006341716,0.2,1,-1.230579E-05,0,0,0.1,81.33456,-1634.949,3006.44
0.004280584,0.2,1,-1.036968E-05,0,0,0.1,81.36292,-1634.949,3006.44
0.006180592,0.2,1,-8.683506E-06,0,0,0.1,81.3922,-1634.949,3006.44
0.008266419,0.2,1,-7.295974E-06,0,0,0.1,81.42094,-1634.949,3006.44
0.008645476,0.2,1,-6.146166E-06,0,0,0.1,81.44923,-1634.949,3006.44
0.008131828,0.2,1,-5.173045E-06,0,0,0.1,81.47763,-1634.949,3006.44
0.007217929,0.2,1,-4.353063E-06,0,0,0.1,81.50602,-1634.949,3006.44
0.006251264,0.2,1,-3.662422E-06,0,0,0.1,81.53439,-1634.949,3006.44
0.005978805,0.2,1,-3.078789E-06,0,0,0.1,81.56286,-1634.949,3006.44
0.00551363,0.2,1,-2.586925E-06,0,0,0.1,81.59136,-1634.949,3006.44
0.005126555,0.2,1,-2.178069E-06,0,0,0.1,81.61952,-1634.949,3006.44
0,0.2,1,-1.827038E-06,0,0,0.1,81.6482,-1634.949,3006.44
