Wheel Speed,RPM,Gear,Angle,Throttle,Braking,Clutch,Temp,X,Y
2.966717,0.2,1,-2.57891,0,0,0.1,64.23109,-1622.293,2990.273
2.9036,0.2,1,-2.07268,0,0,0.1,64.2934,-1622.249,2990.24
2.810238,0.2,1,-1.80215,0,0,0.1,64.33476,-1622.22,2990.219
2.774803,0.2,1,-1.556062,0,0,0.1,64.37801,-1622.191,2990.196
2.729775,0.2,1,-1.310409,0,0,0.1,64.42796,-1622.157,2990.171
2.684598,0.2,1,-1.113799,0,0,0.1,64.47537,-1622.125,2990.148
2.63463,0.2,1,-0.9445903,0,0,0.1,64.52333,-1622.093,2990.125
2.589004,0.2,1,-0.80132,0,0,0.1,64.57117,-1622.062,2990.102
2.544335,0.2,1,-0.679755,0,0,0.1,64.61897,-1622.031,2990.079
2.501141,0.2,1,-0.5763941,0,0,0.1,64.66682,-1622,2990.057
2.459006,0.2,1,-0.4888009,0,0,0.1,64.71459,-1621.97,2990.035
2.417758,0.2,1,-0.4148433,0,0,0.1,64.76211,-1621.941,2990.013
2.377256,0.2,1,-0.3515154,0,0,0.1,64.81001,-1621.912,2989.992
2.33802,0.2,1,-0.2979276,0,0,0.1,64.85779,-1621.883,2989.971
2.298788,0.2,1,-0.2526936,0,0,0.1,64.90533,-1621.855,2989.951
2.259775,0.2,1,-0.2141223,0,0,0.1,64.95307,-1621.827,2989.931
2.2212,0.2,1,-0.1813103,0,0,0.1,65.00095,-1621.8,2989.911
2.182568,0.2,1,-0.1537373,0,0,0.1,65.04842,-1621.773,2989.892
2.143969,0.2,1,-0.1303058,0,0,0.1,65.09595,-1621.747,2989.873
2.105794,0.2,1,-0.1102897,0,0,0.1,65.1438,-1621.721,2989.854
2.067669,0.2,1,-0.09338312,0,0,0.1,65.1915,-1621.695,2989.836
2.029154,0.2,1,-0.07914882,0,0,0.1,65.23888,-1621.67,2989.818
1.990331,0.2,1,-0.06705007,0,0,0.1,65.28635,-1621.646,2989.8
1.951827,0.2,1,-0.05676857,0,0,0.1,65.33392,-1621.622,2989.782
1.913414,0.2,1,-0.04792067,0,0,0.1,65.38223,-1621.598,2989.765
1.874849,0.2156418,1,-0.04066923,1,0,0.1312212,65.42908,-1621.575,2989.748
1.842615,0.2314955,1,-0.03443119,1,0,0.1628652,65.47652,-1621.552,2989.73
1.841004,0.2474115,1,-0.02912913,1,0,0.1946338,65.52407,-1621.529,2989.712
1.844455,0.2633145,1,-0.02464814,1,0,0.2263762,65.5715,-1621.505,2989.695
1.861323,0.2791619,1,-0.02087104,1,0,0.2580078,65.61868,-1621.481,2989.677
1.887794,0.2949772,1,-0.01768088,1,0,0.2895752,65.66567,-1621.456,2989.658
1.924896,0.3108789,1,-0.01496547,1,0,0.3213152,65.7128,-1621.431,2989.639
1.973896,0.3267263,1,-0.01267706,1,0,0.3529466,65.75964,-1621.405,2989.62
2.036084,0.3426087,1,-0.01073651,1,0,0.3846482,65.80644,-1621.378,2989.6
2.112416,0.3584843,1,-0.009096044,1,0,0.416336,65.85307,-1621.349,2989.579
2.204916,0.3743387,1,-0.007710469,1,0,0.4479814,65.89944,-1621.319,2989.557
2.351022,0.3902588,1,-0.006533288,1,0,0.4797582,65.94581,-1621.288,2989.534
2.466065,0.4061257,1,-0.005541305,1,0,0.5114286,65.99181,-1621.254,2989.509
2.597406,0.421983,1,-0.004702412,1,0,0.5430798,66.03755,-1621.22,2989.484
2.834563,0.4378251,1,-0.003992774,1,0,0.5747008,66.08304,-1621.183,2989.457
2.992309,0.4536977,1,-0.003390433,1,0,0.6063825,66.1284,-1621.145,2989.429
3.134184,0.4695605,1,-0.002880461,1,0,0.638045,66.17349,-1621.105,2989.399
3.280868,0.4598482,1,-0.00244789,1,0,0.6697326,66.21841,-1621.064,2989.368
3.432325,0.4440444,1,-0.002082824,1,0,0.701277,66.26289,-1621.021,2989.336
3.584442,0.4280062,1,-0.001768329,1,0,0.7332894,66.30781,-1620.976,2989.302
3.731098,0.4122777,1,-0.001507104,1,0,0.7646835,66.35163,-1620.93,2989.268
3.874635,0.3963799,1,-0.001282593,1,0,0.7927597,66.39571,-1620.881,2989.232
4.01507,0.3805755,1,-0.001093089,1,0,0.761151,66.43932,-1620.832,2989.195
4.24171,0.3965304,1,-0.000930421,1,0,0.7929972,66.48312,-1620.78,2989.156
4.462199,0.3905278,1,-0.0007935671,1,0,0.7810555,66.52629,-1620.727,2989.117
4.686125,0.4064824,1,-0.0006760226,1,0,0.8129011,66.56966,-1620.672,2989.076
4.911538,0.3945397,1,-0.0005773301,1,0,0.7890794,66.61228,-1620.616,2989.034
5.135064,0.4105072,1,-5.061654,1,0,0.8209506,66.65524,-1620.558,2988.99
5.355855,0.4074755,1,-9.30675,1,0,0.8149509,66.6974,-1620.5,2988.945
5.581714,0.4202908,1,-12.96818,1,0,0.8405817,66.73983,-1620.44,2988.897
5.815098,0.4108666,1,-16.23413,1,0,0.8217332,66.78406,-1620.376,2988.845
6.053144,0.426768,1,-18.86649,1,0,0.8534726,66.82605,-1620.316,2988.793
6.289646,0.4221765,1,-21.09663,1,0,0.844353,66.86759,-1620.254,2988.74
6.528036,0.4370467,1,-23.01637,1,0,0.8740934,66.90929,-1620.192,2988.685
6.765804,0.4276229,1,-24.64984,1,0,0.8552458,66.95071,-1620.13,2988.628
7.003294,0.4434872,1,-26.04277,1,0,0.886911,66.9919,-1620.068,2988.569
7.252052,0.4386978,1,-22.11214,1,0,0.8773957,67.03487,-1620.002,2988.505
7.48992,0.4545875,1,-18.92762,1,0,0.9091115,67.07578,-1619.938,2988.442
7.72602,0.4529834,1,-16.22826,1,0,0.9059668,67.11616,-1619.873,2988.377
7.963608,0.4673774,1,-13.90529,1,0,0.9347548,67.15657,-1619.807,2988.309
8.202705,0.4636295,1,-11.90775,1,0,0.927259,67.19701,-1619.739,2988.24
8.440223,0.4794956,1,-10.21342,1,0,0.958928,67.23692,-1619.67,2988.168
8.677329,0.4754949,1,-8.76698,1,0,0.9509898,67.27651,-1619.599,2988.095
8.914789,0.4913573,1,-7.527241,1,0,0.9826512,67.31591,-1619.526,2988.021
9.153684,0.4945474,1,-6.459594,1,0,0.9890948,67.35529,-1619.452,2987.944
9.39136,0.5062615,1,-5.550794,1,0,1,67.39423,-1619.375,2987.865
9.629037,0.5177641,1,-4.77218,1,0,1,67.43291,-1619.297,2987.786
9.864904,0.5290648,1,-4.109845,1,0,1,67.47105,-1619.218,2987.705
10.10242,0.5401306,1,1.242671,1,0,1,67.50922,-1619.135,2987.623
10.33977,0.5498465,1,5.833179,1,0,1,67.54712,-1619.051,2987.54
10.57714,0.5583174,1,9.776871,1,0,1,67.58482,-1618.965,2987.457
10.81452,0.565815,1,13.16689,1,0,1,67.62233,-1618.877,2987.372
11.05346,0.5733974,1,16.10137,1,0,1,67.6599,-1618.786,2987.287
11.28976,0.5812854,1,18.59564,1,0,1,67.69689,-1618.695,2987.202
11.52752,0.5894848,1,20.75748,1,0,1,67.73395,-1618.602,2987.117
11.76488,0.5980275,1,22.61544,1,0,1,67.7708,-1618.507,2987.031
12.00184,0.6070863,1,24.21332,1,0,1,67.80743,-1618.41,2986.946
12.24022,0.616392,1,25.59891,1,0,1,67.84415,-1618.312,2986.859
12.47745,0.6260352,1,26.78665,1,0,1,67.88055,-1618.212,2986.773
12.7152,0.6359708,1,27.8131,1,0,1,67.91689,-1618.111,2986.687
12.95218,0.6461731,1,28.69526,1,0,1,67.953,-1618.008,2986.601
13.2121,0.6566201,1,29.53006,1,0,1,67.99244,-1617.894,2986.507
13.42759,0.6699256,1,30.11819,1,0,1,68.02501,-1617.798,2986.428
13.66484,0.6785393,1,30.68515,1,0,1,68.06075,-1617.691,2986.342
13.9034,0.6892981,1,31.17723,1,0,1,68.09654,-1617.581,2986.255
14.14066,0.7005038,1,31.5994,1,0,1,68.132,-1617.471,2986.168
14.37795,0.7117864,1,31.96399,1,0,1,68.16733,-1617.359,2986.082
14.61543,0.723114,1,32.27914,1,0,1,68.20254,-1617.246,2985.995
14.85326,0.734523,1,32.55175,1,0,1,68.23766,-1617.13,2985.908
15.09169,0.7459669,1,32.78782,1,0,1,68.27271,-1617.013,2985.821
15.32837,0.757457,1,32.99018,1,0,1,68.30737,-1616.895,2985.735
15.56559,0.7688657,1,33.16557,1,0,1,68.34196,-1616.776,2985.649
15.80336,0.7799476,1,33.31757,1,0,1,68.37646,-1616.654,2985.562
16.0404,0.7911195,1,33.44857,1,0,1,68.41072,-1616.53,2985.476
16.278,0.8023496,1,33.56217,1,0,1,68.44489,-1616.405,2985.39
16.51571,0.8136024,1,33.66048,1,0,1,68.47893,-1616.278,2985.303
16.75307,0.8248388,1,33.74541,1,0,1,68.51276,-1616.149,2985.218
16.99073,0.8359947,1,33.81902,1,0,1,68.54646,-1616.018,2985.132
17.22848,0.8470889,1,33.88276,1,0,1,68.58002,-1615.886,2985.046
17.46581,0.8553367,1,33.93786,1,0,1,68.61336,-1615.751,2984.961
17.70387,0.8582499,1,33.98574,1,0,1,68.64664,-1615.615,2984.876
17.90233,0.8618428,1,34.02752,1,0,1,68.68,-1615.475,2984.791
17.89788,0.8651159,1,34.06281,1,0,1,68.7124,-1615.338,2984.709
17.89314,0.8684264,1,34.09398,1,0,1,68.74519,-1615.196,2984.625
17.88828,0.871563,1,34.12094,1,0,1,68.77773,-1615.052,2984.543
17.88304,0.8746411,1,34.14962,1,0,1,68.81745,-1614.874,2984.442
17.87754,0.879326,1,34.16595,1,0,1,68.84428,-1614.751,2984.375
17.87053,0.880884,1,34.18252,1,0,1,68.87473,-1614.609,2984.298
17.86658,0.8824064,1,34.1978,1,0,1,68.90669,-1614.458,2984.218
17.8715,0.8867838,1,34.21122,1,0,1,68.9389,-1614.304,2984.136
17.88005,0.8906906,1,29.61278,1,0,1,68.97176,-1614.144,2984.053
17.88938,0.89592,1,25.78075,1,0,1,69.0033,-1613.988,2983.973
17.89921,0.8993211,1,22.46685,1,0,1,69.03457,-1613.831,2983.893
17.90883,0.9014089,1,18.7839,1,0,1,69.07434,-1613.628,2983.791
17.9183,0.9041348,1,16.82197,1,0,1,69.09959,-1613.497,2983.725
17.93052,0.9053427,1,14.78615,1,0,1,69.1288,-1613.344,2983.649
17.93835,0.9065769,1,12.88931,1,0,1,69.15968,-1613.18,2983.568
17.94751,0.9079747,1,11.23658,1,0,1,69.19047,-1613.014,2983.486
17.95738,0.9094496,1,9.79138,1,0,1,69.22128,-1612.845,2983.403
17.96728,0.9110181,1,8.545706,1,0,1,69.25169,-1612.676,2983.321
17.97672,0.9128368,1,7.450662,1,0,1,69.28223,-1612.504,2983.237
17.98581,0.9147851,1,2.125301,1,0,1,69.31257,-1612.331,2983.153
17.99469,0.9156765,1,-2.506857,1,0,1,69.34274,-1612.156,2983.069
18.00448,0.9162264,1,-6.568995,1,0,1,69.37301,-1611.98,2982.982
18.01468,0.9173613,1,-10.08291,1,0,1,69.40298,-1611.804,2982.896
18.02494,0.9187799,1,-13.17629,1,0,1,69.43314,-1611.626,2982.807
18.03518,0.9241858,1,-15.8443,1,0,1,69.46294,-1611.448,2982.718
18.04536,0.9282345,1,-18.19457,1,0,1,69.49294,-1611.269,2982.627
18.05514,0.9238318,1,-20.22968,1,0,1,69.5227,-1611.09,2982.535
18.06522,0.9278516,1,-22.02686,1,0,1,69.55276,-1610.909,2982.44
18.07481,0.933717,1,-23.58329,1,0,1,69.58257,-1610.729,2982.344
18.08389,0.939826,1,-24.94175,1,0,1,69.61234,-1610.547,2982.247
18.09223,0.9457784,1,-26.13201,1,0,1,69.64217,-1610.364,2982.148
18.09992,0.9524689,1,-27.1685,1,0,1,69.67187,-1610.179,2982.048
18.10594,0.9583406,1,-28.07314,1,0,1,69.70149,-1609.993,2981.947
18.11088,0.9640694,1,-28.86276,1,0,1,69.73104,-1609.805,2981.845
18.1148,0.9687335,1,-29.55118,1,0,1,69.76046,-1609.615,2981.743
18.11782,0.973411,1,-30.15285,1,0,1,69.78982,-1609.422,2981.64
18.12001,0.9781045,1,-30.67549,1,0,1,69.81892,-1609.228,2981.536
18.12147,0.9828092,1,-26.81475,1,0,1,69.84789,-1609.032,2981.432
18.12227,0.987545,1,-23.44386,1,0,1,69.87673,-1608.833,2981.328
18.1225,0.9923213,1,-20.49542,1,0,1,69.90546,-1608.631,2981.223
18.12221,0.9971464,1,-17.93834,1,0,1,69.93386,-1608.428,2981.119
18.12146,1,1,-15.7157,1,0,1,69.96194,-1608.223,2981.015
18.11987,1,1,-13.76345,1,0,1,69.98997,-1608.015,2980.911
18.1177,1,1,-12.05913,1,0,1,70.01779,-1607.805,2980.807
18.11566,1,1,-10.56844,1,0,1,70.04545,-1607.593,2980.704
18.1134,1,1,-9.268889,1,0,1,70.07285,-1607.379,2980.602
18.11092,1,1,-8.129937,1,0,1,70.10011,-1607.163,2980.5
18.10843,0.9841006,1,-7.131004,0,0,0.1,70.12727,-1606.946,2980.4
17.87077,0.9682252,2,-6.25598,0,0,0.1316876,70.15434,-1606.73,2980.302
17.63373,0.9523911,2,-5.490265,0,0,0.1632926,70.18131,-1606.514,2980.207
17.39594,0.9365068,2,-4.816133,0,0,0.1949978,70.20834,-1606.298,2980.114
17.15882,0.9206672,2,-4.226484,0,0,0.2266138,70.23524,-1606.082,2980.023
16.92065,0.9047569,2,-3.706797,0,0,0.2583708,70.26221,-1605.865,2979.934
16.68345,0.8889125,2,-3.252983,0,0,0.2899964,70.28902,-1605.649,2979.849
16.44561,0.8730244,2,-7.063916,0,0,0.3217092,70.31585,-1605.433,2979.766
16.20813,0.857161,2,-10.40171,0,0,0.3533726,70.3426,-1605.217,2979.685
15.9707,0.8413006,2,-13.33022,0,0,0.3850302,70.3693,-1605.001,2979.606
15.73247,0.8253871,2,-15.90912,0,0,0.4167936,70.39607,-1604.786,2979.526
15.49573,0.8095729,2,-18.15898,0,0,0.448359,70.42269,-1604.573,2979.448
15.25841,0.7937198,2,-20.14024,0,0,0.4800018,70.44939,-1604.361,2979.368
15.02056,0.7778312,2,-21.88358,0,0,0.5117156,70.47616,-1604.149,2979.29
14.783,0.7619621,2,-23.41133,0,0,0.5433904,70.50289,-1603.938,2979.211
14.84088,0.7460982,2,-24.75127,0,0,0.575055,70.5296,-1603.729,2979.132
14.89023,0.730244,2,-25.92595,0,0,0.6067,70.55627,-1603.52,2979.054
14.92913,0.714348,2,-26.95903,0,0,0.6384286,70.58298,-1603.312,2978.976
14.95636,0.6985419,2,-27.85963,0,0,0.6699778,70.60951,-1603.106,2978.898
14.89745,0.6826244,2,-28.65544,0,0,0.7017493,70.63619,-1602.9,2978.819
14.92438,0.666753,2,-29.35107,0,0,0.7334287,70.66277,-1602.696,2978.74
14.96659,0.6509326,2,-29.95922,0,0,0.7650062,70.68923,-1602.494,2978.662
15.00711,0.6350785,2,-30.49402,0,0,0.7966512,70.71574,-1602.293,2978.582
15.03941,0.6192225,2,-30.96324,0,0,0.8282998,70.74223,-1602.094,2978.503
15.05791,0.6033047,2,-31.37646,0,0,0.8600718,70.76882,-1601.895,2978.423
15.06616,0.5874562,2,-31.73718,0,0,0.8917056,70.79529,-1601.7,2978.342
15.05815,0.5715609,2,-32.05453,0,0,0.9234328,70.82183,-1601.505,2978.26
15.12876,0.5557367,2,-32.3315,0,0,0.9550182,70.84824,-1601.313,2978.176
15.11148,0.5398646,2,-32.57516,0,0,0.986699,70.87472,-1601.122,2978.091
15.07761,0.5239391,2,-32.78952,0,0,1,70.90127,-1600.932,2978.004
15.02688,0.5081735,2,-32.97548,0,0,1,70.92756,-1600.747,2977.916
14.96198,0.4923187,2,-33.13958,0,0,1,70.95399,-1600.562,2977.825
14.86399,0.4774042,2,-33.28357,0,0,1,70.98045,-1600.38,2977.731
14.75186,0.4747057,2,-33.40955,0,0,1,71.00687,-1600.2,2977.635
14.62934,0.4717995,2,-33.52024,0,0,1,71.03336,-1600.022,2977.536
14.49924,0.4687628,2,-33.61707,0,0,1,71.0598,-1599.847,2977.436
14.36532,0.465594,2,-33.7024,0,0,1,71.0864,-1599.673,2977.332
14.2319,0.4624198,2,-33.77663,0,0,1,71.11283,-1599.503,2977.226
14.10069,0.4591663,2,-33.84214,0,0,1,71.13947,-1599.334,2977.118
13.97271,0.4560387,2,-33.89928,0,0,1,71.16602,-1599.169,2977.007
13.84709,0.4528749,2,-33.9495,0,0,1,71.19269,-1599.005,2976.895
13.72378,0.4497359,2,-33.99368,0,0,1,71.21952,-1598.843,2976.78
13.63094,0.4466531,2,-34.03178,0,0,1,71.24599,-1598.686,2976.664
13.54115,0.4436359,2,-34.06551,0,0,1,71.27277,-1598.529,2976.545
13.45775,0.4408264,2,-34.09497,0,0,1,71.29951,-1598.376,2976.426
13.37873,0.4381073,2,-34.12073,0,0,1,71.32628,-1598.225,2976.304
13.30354,0.4354688,2,-34.14331,0,0,1,71.35312,-1598.076,2976.181
13.23111,0.4329017,2,-34.16316,0,0,1,71.38011,-1597.929,2976.055
13.16154,0.4303766,2,-29.83578,0,0,1,71.40712,-1597.785,2975.929
13.09433,0.4290788,2,-26.07314,0,0,1,71.43402,-1597.645,2975.802
13.03748,0.4281049,2,-22.78058,0,0,1,71.46097,-1597.506,2975.673
12.98446,0.4268274,2,-19.88399,0,0,1,71.48811,-1597.369,2975.542
12.93192,0.4254842,2,-17.36404,0,0,1,71.51517,-1597.234,2975.412
12.87372,0.423984,2,-15.15264,0,0,1,71.54237,-1597.1,2975.281
12.8071,0.4219576,2,-13.22767,0,0,1,71.56952,-1596.968,2975.149
12.74179,0.4206798,2,-11.54316,0,0,1,71.59674,-1596.837,2975.018
12.67547,0.4196137,2,-10.06459,0,0,1,71.62413,-1596.706,2974.885
12.6034,0.4184905,2,-8.783471,0,0,1,71.65136,-1596.578,2974.753
12.52958,0.4172052,2,-7.660331,0,0,1,71.67872,-1596.449,2974.622
12.45757,0.415811,2,-6.678011,0,0,1,71.70617,-1596.322,2974.489
12.3754,0.4141928,2,-5.820335,0,0,1,71.73367,-1596.196,2974.357
12.28807,0.4124548,2,-0.6650535,0,0,1,71.76121,-1596.07,2974.225
12.1491,0.4101023,2,3.847962,0,0,1,71.78888,-1595.945,2974.094
12.00454,0.4071928,2,7.774849,1,0,1,71.81655,-1595.82,2973.962
12.19252,0.4124484,2,11.17856,1,0,1,71.84404,-1595.696,2973.83
12.23765,0.4177547,2,14.17348,1,0,1,71.87175,-1595.571,2973.696
12.18447,0.4177808,2,12.34849,1,0,1,71.89925,-1595.448,2973.561
12.11062,0.4185365,2,10.76379,1,0,1,71.92663,-1595.325,2973.426
12.02788,0.418869,2,9.378062,1,0,1,71.95403,-1595.203,2973.289
12.26565,0.4238323,2,8.170721,1,0,1,71.98136,-1595.081,2973.15
12.50341,0.4306897,2,7.120587,1,0,1,72.00856,-1594.96,2973.009
12.74054,0.4362652,2,6.209294,1,0,1,72.03555,-1594.839,2972.866
12.53891,0.4402714,2,5.41431,1,0,1,72.06245,-1594.719,2972.722
12.59305,0.4416441,2,4.715149,1,0,1,72.08948,-1594.598,2972.574
12.639,0.4430988,2,4.118333,1,0,1,72.11587,-1594.479,2972.427
12.692,0.4449766,2,3.590538,1,0,1,72.14248,-1594.359,2972.275
12.74692,0.4471344,2,-1.223791,0,0,1,72.16875,-1594.243,2972.124
12.50889,0.4338452,2,-5.432617,0,0,1,72.19504,-1594.128,2971.971
12.27283,0.4260269,2,-9.076907,0,0,1,72.22109,-1594.016,2971.82
12.04948,0.4218486,2,-12.28434,0,0,1,72.24731,-1593.905,2971.667
11.92302,0.4191415,2,-15.08051,0,0,1,72.27347,-1593.796,2971.513
11.80351,0.4168207,2,-17.64199,0,0,1,72.3009,-1593.682,2971.353
11.56577,0.4080164,2,-19.76403,0,0,1,72.32709,-1593.576,2971.198
11.44291,0.4061571,2,-21.61621,0,0,1,72.35326,-1593.47,2971.044
11.36799,0.4054246,2,-23.23737,0,0,1,72.37949,-1593.366,2970.89
11.3628,0.405057,2,-24.64789,0,0,1,72.40564,-1593.263,2970.735
11.40065,0.4052317,2,-25.88023,0,0,1,72.43181,-1593.162,2970.58
11.43094,0.4050777,2,-27.00755,0,0,1,72.45923,-1593.057,2970.417
11.45545,0.4045216,2,-27.93564,0,0,1,72.48528,-1592.959,2970.262
11.47893,0.4039067,2,-28.74811,0,0,1,72.51138,-1592.863,2970.107
11.49671,0.4029621,2,-29.45876,0,0,1,72.53754,-1592.767,2969.951
11.50318,0.4018881,2,-30.0782,0,0,1,72.56368,-1592.673,2969.796
11.50087,0.4006703,2,-30.62084,0,0,1,72.58992,-1592.58,2969.639
11.49313,0.3993822,2,-31.09055,0,0,1,72.61597,-1592.489,2969.483
11.48065,0.3980357,2,-31.50327,0,0,1,72.64219,-1592.399,2969.326
11.46496,0.396667,2,-31.86186,0,0,1,72.66832,-1592.31,2969.169
11.44725,0.3807916,2,-32.17506,0,0,0.1,72.69449,-1592.224,2969.012
11.42737,0.3649798,1,-32.44717,0,0,0.1315606,72.72057,-1592.139,2968.856
11.40113,0.3491285,1,-28.27805,0,0,0.1631998,72.74673,-1592.055,2968.699
11.37168,0.3331248,1,-24.60656,0,0,0.1951434,72.77316,-1591.973,2968.541
11.34682,0.3488834,1,-21.45807,1,0,0.2265976,72.7992,-1591.893,2968.384
11.41293,0.3647286,1,-18.69789,1,0,0.2582248,72.82534,-1591.814,2968.225
11.48721,0.3805443,1,-16.29822,1,0,0.289793,72.85136,-1591.736,2968.066
11.55592,0.3964295,1,-14.19867,1,0,0.3215,72.87743,-1591.659,2967.904
11.62945,0.4123159,1,-12.37123,1,0,0.3532094,72.9034,-1591.583,2967.741
11.7284,0.4282558,1,-10.77549,1,0,0.3850256,72.92935,-1591.508,2967.576
11.83643,0.444071,1,-9.398472,1,0,0.4165928,72.95499,-1591.433,2967.41
11.95317,0.4598986,1,-8.19854,1,0,0.4481848,72.98051,-1591.359,2967.243
12.07902,0.4757802,1,-7.150322,1,0,0.4798847,73.00596,-1591.284,2967.073
12.21515,0.4916534,1,-6.238675,1,0,0.5115678,73.03123,-1591.21,2966.901
12.35704,0.5075062,1,-5.446257,1,0,0.54321,73.05628,-1591.135,2966.727
12.49487,0.5235296,1,-4.748837,1,0,0.5751928,73.08142,-1591.06,2966.549
12.63013,0.5392765,1,-4.152803,1,0,0.6066238,73.10594,-1590.985,2966.372
12.78015,0.5559072,1,-3.603778,1,0,0.6398188,73.13164,-1590.906,2966.183
13.01857,0.5718343,1,-3.148739,1,0,0.6716092,73.15606,-1590.83,2966
13.25872,0.5878758,1,-2.749328,1,0,0.7036282,73.18047,-1590.753,2965.814
13.4985,0.6038932,1,-2.401985,1,0,0.735599,73.20466,-1590.675,2965.627
13.73385,0.6196147,1,-2.104878,1,0,0.7669792,73.22823,-1590.598,2965.441
13.97719,0.6358697,1,-1.836378,1,0,0.7994244,73.25241,-1590.518,2965.247
14.21482,0.6517434,1,-1.608244,1,0,0.8311084,73.27584,-1590.439,2965.055
14.45184,0.6675766,1,-1.409495,1,0,0.8627116,73.29903,-1590.36,2964.862
14.63692,0.6835029,1,-1.234761,1,0,0.8945008,73.32216,-1590.28,2964.666
14.81141,0.6993302,1,-1.083053,1,0,0.9260922,73.34496,-1590.199,2964.469
14.98894,0.6834533,1,-0.9499317,0,0,0.1,73.36765,-1590.12,2964.271
14.75151,0.6675926,2,-0.833203,0,0,0.131658,73.39034,-1590.042,2964.074
14.51381,0.6517146,2,-0.730628,0,0,0.1633506,73.41306,-1589.964,2963.877
14.27385,0.6356855,2,-0.6397557,0,0,0.1953448,73.436,-1589.886,2963.679
13.99913,0.6173339,2,-0.5485918,0,0,0.2319746,73.46229,-1589.799,2963.452
13.77426,0.6023124,2,-0.484547,0,0,0.2619578,73.48382,-1589.728,2963.266
13.55307,0.5875369,2,-0.4288646,0,0,0.2914498,73.505,-1589.658,2963.084
13.31358,0.5715393,2,-0.3754671,0,0,0.323381,73.52795,-1589.584,2962.887
13.22169,0.555653,2,-0.3290095,0,0,0.3550902,73.55076,-1589.512,2962.692
13.1575,0.5394647,2,-0.2874973,0,0,0.3874022,73.57401,-1589.438,2962.493
13.0898,0.5234491,2,-0.2515828,0,0,0.4193696,73.59702,-1589.366,2962.297
13.02329,0.5075311,2,-0.2203237,0,0,0.451142,73.6199,-1589.294,2962.103
12.96982,0.4916619,2,-0.1930129,0,0,0.482817,73.64272,-1589.224,2961.909
12.91857,0.475801,2,-0.1690832,0,0,0.5144756,73.66553,-1589.154,2961.716
12.86834,0.459852,2,-0.1479895,0,0,0.54631,73.68848,-1589.084,2961.522
12.82206,0.4438918,2,-0.1295023,0,0,0.5781666,73.71146,-1589.014,2961.329
12.78465,0.4596647,2,-0.1135039,1,0,0.6096494,73.73417,-1588.945,2961.136
12.93154,0.4754298,2,-0.09951294,1,0,0.6411168,73.75674,-1588.876,2960.942
13.09166,0.4912875,2,-0.08719711,1,0,0.6727688,73.7793,-1588.807,2960.746
13.21685,0.5071779,2,-0.07640433,1,0,0.7044862,73.80177,-1588.736,2960.547
13.36503,0.5231872,2,-0.06689721,1,0,0.7364408,73.82426,-1588.666,2960.346
13.60359,0.5391229,2,-0.05862764,1,0,0.7682488,73.8465,-1588.595,2960.144
13.80478,0.555094,2,-0.05137685,1,0,0.8001272,73.86866,-1588.524,2959.941
13.98753,0.5710833,2,-0.04502646,1,0,0.832042,73.89072,-1588.452,2959.736
14.19483,0.5669152,2,-0.03946907,1,0,0.8639652,73.91266,-1588.381,2959.529
14.40971,0.5554264,2,-0.03458949,1,0,0.8959966,73.93454,-1588.308,2959.321
14.61592,0.5442438,2,-0.03034255,1,0,0.927864,73.95618,-1588.236,2959.113
14.80485,0.5330873,2,-0.02661856,1,0,0.9597806,73.97771,-1588.163,2958.903
14.98527,0.522414,2,-0.02335767,1,0,0.9916922,73.9991,-1588.09,2958.691
15.14658,0.5224836,2,-0.02050351,1,0,1,74.02035,-1588.017,2958.479
15.30607,0.5267097,2,-0.01802386,1,0,1,74.04128,-1587.943,2958.266
15.44887,0.5307206,2,-0.01584443,1,0,1,74.06212,-1587.87,2958.052
15.57291,0.537998,2,-0.01393204,1,0,1,74.08282,-1587.796,2957.836
15.69771,0.5421793,2,-0.01224423,1,0,1,74.1035,-1587.721,2957.618
15.82413,0.5459498,2,-0.01077585,1,0,1,74.12386,-1587.646,2957.4
15.94999,0.5501536,2,-0.009490729,1,0,1,74.144,-1587.571,2957.181
16.07594,0.5547923,2,-0.008353301,1,0,1,74.16413,-1587.495,2956.958
16.10024,0.5572783,2,-0.007350031,1,0,1,74.18417,-1587.418,2956.732
16.15905,0.5604192,2,-0.006476111,1,0,1,74.20389,-1587.341,2956.505
16.23321,0.5640195,2,-0.005711778,1,0,1,74.22332,-1587.263,2956.278
16.31479,0.5678155,2,-0.00503559,1,0,1,74.24267,-1587.184,2956.046
16.40757,0.5717637,2,-0.004428283,1,0,1,74.26224,-1587.103,2955.808
16.50123,0.5761844,2,-0.003908485,1,0,1,74.28114,-1587.023,2955.572
16.59933,0.5804603,2,-0.003446037,1,0,1,74.30003,-1586.941,2955.332
16.70432,0.5849468,2,-0.003040368,1,0,1,74.31868,-1586.858,2955.089
16.81632,0.589613,2,-0.002680855,1,0,1,74.33726,-1586.774,2954.842
16.93957,0.5948384,2,-0.002372216,1,0,1,74.35519,-1586.692,2954.599
17.06018,0.6000656,2,-0.002094768,1,0,1,74.37326,-1586.606,2954.348
17.17854,0.6048379,2,-0.001853885,1,0,1,74.39087,-1586.521,2954.099
17.31281,0.6101052,2,-0.001591647,1,0,1,74.41235,-1586.416,2953.788
17.51484,0.6186411,2,-0.001437318,1,0,1,74.42693,-1586.342,2953.573
17.61485,0.6216732,2,-0.001285505,1,0,1,74.44269,-1586.261,2953.335
17.72709,0.6259771,2,-0.001139933,1,0,1,74.45945,-1586.173,2953.077
17.8509,0.6306772,2,-0.001006561,1,0,1,74.47662,-1586.081,2952.807
17.98563,0.6356278,2,-0.0008934389,1,0,1,74.49297,-1585.992,2952.545
18.2251,0.6482679,2,-0.0007923834,1,0,1,74.50928,-1585.902,2952.279
18.46259,0.652915,2,-0.0007038009,1,0,1,74.52527,-1585.812,2952.012
18.75991,0.658931,2,-0.0006055785,1,0,1,74.54507,-1585.698,2951.677
18.96287,0.6682396,2,-0.0005481119,1,0,1,74.55839,-1585.62,2951.446
19.17602,0.6716135,2,-0.0004936287,1,0,1,74.57224,-1585.538,2951.201
19.41442,0.6774657,2,-0.0004388962,1,0,1,74.58759,-1585.445,2950.926
19.64961,0.6813608,2,-0.0003910305,1,0,1,74.60255,-1585.352,2950.653
19.86171,0.6854591,2,-0.0003480923,1,0,1,74.6175,-1585.259,2950.376
19.87045,0.6882342,2,-0.0003096594,1,0,1,74.6324,-1585.163,2950.094
19.90784,0.6913809,2,-0.0002758383,1,0,1,74.64701,-1585.068,2949.813
19.95239,0.6947085,2,-0.0002456956,1,0,1,74.66149,-1584.972,2949.528
20.00441,0.6981991,2,-0.0002187984,1,0,1,74.67586,-1584.875,2949.24
20.06462,0.7018076,2,-0.000194938,1,0,1,74.69002,-1584.777,2948.95
20.12568,0.7063405,2,-0.0001738058,1,0,1,74.70398,-1584.679,2948.66
20.26973,0.7151869,2,-0.000154372,1,0,1,74.71828,-1584.577,2948.358
20.38063,0.7189075,2,-0.0001377162,1,0,1,74.73197,-1584.478,2948.066
20.50678,0.7228871,2,-0.0001227943,1,0,1,74.74563,-1584.377,2947.77
20.74656,0.7365257,2,-0.0001095476,1,0,1,74.75912,-1584.277,2947.473
20.98522,0.7401479,2,-9.78126E-05,1,0,1,74.77242,-1584.176,2947.176
21.11363,0.7441166,2,-8.729687E-05,1,0,1,74.78564,-1584.074,2946.876
21.15046,0.7484041,2,-7.808164E-05,1,0,1,74.79852,-1583.972,2946.579
21.26386,0.7531552,2,-6.981833E-05,1,0,1,74.81129,-1583.87,2946.278
21.42651,0.757654,2,-6.244803E-05,1,0,1,74.82391,-1583.767,2945.974
21.60006,0.7628221,2,-5.589806E-05,1,0,1,74.8363,-1583.663,2945.67
21.77428,0.7681877,2,-5.002995E-05,1,0,1,74.84856,-1583.558,2945.362
21.9503,0.7731776,2,-4.482537E-05,1,0,1,74.86057,-1583.453,2945.053
22.11886,0.778042,2,-4.017633E-05,1,0,1,74.87238,-1583.347,2944.742
22.359,0.7868433,2,-3.597359E-05,1,0,1,74.88413,-1583.24,2944.424
22.59424,0.790965,2,-3.230232E-05,1,0,1,74.89543,-1583.133,2944.11
22.80745,0.7978888,2,-2.899535E-05,1,0,1,74.90659,-1583.026,2943.791
22.89979,0.8025211,2,-2.602466E-05,1,0,1,74.91759,-1582.917,2943.468
22.97575,0.8062432,2,-2.336949E-05,1,0,1,74.92838,-1582.808,2943.142
23.05743,0.810307,2,-2.098363E-05,1,0,1,74.939,-1582.697,2942.812
23.14543,0.8145194,2,-1.885554E-05,1,0,1,74.94936,-1582.587,2942.48
23.23646,0.8185229,2,-1.69517E-05,1,0,1,74.95948,-1582.475,2942.144
23.33996,0.8242759,2,-1.525286E-05,1,0,1,74.96935,-1582.364,2941.807
23.43676,0.8294049,2,-1.371684E-05,1,0,1,74.9791,-1582.25,2941.465
23.53561,0.8343518,2,-1.235245E-05,1,0,1,74.98854,-1582.137,2941.123
23.63901,0.8394152,2,-1.11243E-05,1,0,1,74.99781,-1582.024,2940.777
23.7359,0.8434349,2,-1.003387E-05,1,0,1,75.00678,-1581.91,2940.432
23.84311,0.8477938,2,-9.032829E-06,1,0,1,75.01575,-1581.794,2940.077
23.95308,0.8521133,2,-8.146302E-06,1,0,1,75.0244,-1581.679,2939.724
24.19037,0.8591911,2,-7.356765E-06,1,0,1,75.0328,-1581.564,2939.373
24.42795,0.8750612,2,-6.644987E-06,1,0,1,75.04107,-1581.449,2939.02
24.66548,0.8813931,2,-6.003997E-06,1,0,1,75.0492,-1581.333,2938.666
24.90318,0.884968,2,-5.426025E-06,1,0,1,75.05721,-1581.217,2938.31
25.14095,0.8885781,2,3.294213,1,0,1,75.06508,-1581.099,2937.952
25.38938,0.8920262,2,6.396861,1,0,1,75.07317,-1580.976,2937.577
25.62901,0.8954157,2,9.081885,1,0,1,75.08083,-1580.855,2937.213
25.772,0.898729,2,11.51462,1,0,1,75.08839,-1580.732,2936.847
26.0104,0.9054337,2,13.68336,1,0,1,75.09573,-1580.609,2936.483
26.16791,0.9097328,2,15.6249,1,0,1,75.10289,-1580.484,2936.121
26.23452,0.9114782,2,17.40763,1,0,1,75.11002,-1580.356,2935.752
26.31308,0.9134282,2,19.01829,1,0,1,75.11701,-1580.225,2935.38
26.38144,0.9151968,2,20.44283,1,0,1,75.12373,-1580.095,2935.015
26.44845,0.9172365,2,21.73693,1,0,1,75.13034,-1579.963,2934.647
26.53657,0.9194008,2,22.90789,1,0,1,75.13681,-1579.828,2934.278
26.60331,0.9212892,2,23.96425,1,0,1,75.14311,-1579.691,2933.907
26.6706,0.9232868,2,24.92183,1,0,1,75.14928,-1579.552,2933.535
26.73643,0.925312,2,25.78639,1,0,1,75.1553,-1579.411,2933.163
26.80135,0.9273872,2,26.56795,0,0,1,75.16117,-1579.268,2932.792
26.56399,0.9115312,2,27.27897,0,0,1,75.16708,-1579.123,2932.422
26.32461,0.8994063,2,27.9308,0,0,1,75.17308,-1578.974,2932.051
26.08485,0.8944724,2,28.5237,0,0,1,75.17914,-1578.824,2931.681
25.84586,0.8917455,2,29.0603,0,0,1,75.18522,-1578.672,2931.313
25.6063,0.8897541,2,29.54879,0,0,1,75.19136,-1578.517,2930.946
25.36642,0.8880334,2,29.99286,0,0,1,75.19755,-1578.36,2930.58
25.27484,0.8863828,2,30.39449,0,0,1,75.20377,-1578.201,2930.217
25.23837,0.8846443,2,30.76089,0,0,1,75.21006,-1578.04,2929.854
25.20168,0.8831139,2,31.09138,0,0,1,75.21637,-1577.877,2929.495
25.16257,0.8815826,2,31.39355,0,0,1,75.22277,-1577.711,2929.135
25.12926,0.8801576,2,31.66619,0,0,1,75.22919,-1577.543,2928.779
25.09458,0.8788311,2,31.91535,0,0,1,75.23572,-1577.371,2928.422
25.06459,0.8776002,2,32.13754,0,0,1,75.24219,-1577.2,2928.074
25.03293,0.8762621,2,29.14216,0,0,1,75.2487,-1577.027,2927.728
24.99882,0.8761584,2,26.41373,0,0,1,75.25528,-1576.85,2927.382
24.96432,0.8746982,2,23.87969,0,0,1,75.26207,-1576.667,2927.031
24.90749,0.8738931,2,21.63355,0,0,1,75.26877,-1576.486,2926.689
24.85696,0.8727427,2,19.5764,0,0,1,75.27557,-1576.3,2926.346
24.80133,0.8712504,2,17.72023,0,0,1,75.2824,-1576.113,2926.006
24.73755,0.8692319,2,16.0297,0,0,1,75.28931,-1575.922,2925.667
24.6678,0.8672153,2,14.50369,0,0,1,75.29626,-1575.73,2925.331
24.59567,0.8647482,2,13.13077,0,0,1,75.30319,-1575.538,2924.999
24.51803,0.8615586,2,11.88236,0,0,1,75.31019,-1575.343,2924.667
24.43862,0.8597351,2,10.75024,0,0,1,75.31723,-1575.146,2924.337
24.35322,0.8590145,2,9.716208,0,0,1,75.32438,-1574.947,2924.006
24.27527,0.8551807,2,8.785856,0,0,1,75.33152,-1574.746,2923.678
24.19185,0.8548877,2,7.953251,0,0,1,75.33862,-1574.547,2923.356
24.11845,0.8539277,2,7.199038,0,0,1,75.34575,-1574.346,2923.035
24.04577,0.8527352,2,6.515208,0,0,1,75.35291,-1574.143,2922.716
23.91909,0.8507726,2,5.891603,0,0,1,75.36015,-1573.938,2922.396
23.87383,0.8493648,2,5.331824,0,0,1,75.36735,-1573.734,2922.079
23.84449,0.8469265,2,4.819984,0,0,1,75.37465,-1573.527,2921.76
23.82424,0.8557387,2,4.360091,0,1,1,75.38193,-1573.323,2921.447
23.58559,0.850169,2,3.93988,0,1,1,75.38943,-1573.118,2921.134
23.34637,0.8444576,2,3.557597,0,1,1,75.39713,-1572.913,2920.822
23.10692,0.8398421,2,3.210878,0,1,1,75.40499,-1572.709,2920.511
22.87033,0.8349888,2,2.90054,0,1,1,75.41291,-1572.508,2920.206
22.61384,0.8302715,2,2.595551,0,1,1,75.42167,-1572.291,2919.878
22.39692,0.8246396,2,2.363764,0,1,1,75.42924,-1572.109,2919.602
22.15924,0.8196329,2,2.131609,0,1,1,75.43769,-1571.911,2919.302
21.91172,0.8138196,2,1.912644,0,1,1,75.44669,-1571.706,2918.993
21.67344,0.8076198,2,1.722633,0,1,1,75.45554,-1571.51,2918.697
21.43332,0.8017755,2,1.549435,0,1,1,75.46467,-1571.313,2918.401
21.19546,0.7956889,2,1.394429,0,1,1,75.4739,-1571.12,2918.109
20.95762,0.7901216,2,1.254374,0,1,1,75.4833,-1570.928,2917.82
20.72066,0.7843758,2,1.128327,0,1,1,75.49286,-1570.738,2917.535
20.48241,0.7786332,2,1.013856,0,1,1,75.50265,-1570.549,2917.25
20.2366,0.7727013,2,0.9072757,0,1,1,75.51294,-1570.354,2916.958
19.99885,0.7664421,2,0.8146126,0,1,1,75.5231,-1570.168,2916.678
19.75771,0.7606258,2,0.7298748,0,1,1,75.53359,-1569.98,2916.396
19.5205,0.7546945,2,0.654874,0,1,1,75.5441,-1569.797,2916.121
19.2813,0.7488837,2,0.5867351,0,1,1,75.55489,-1569.613,2915.846
19.04304,0.7429707,2,0.5256705,0,1,1,75.56581,-1569.432,2915.574
18.80806,0.7370397,2,0.4714905,0,1,1,75.57677,-1569.254,2915.308
18.57027,0.731149,2,0.4221085,0,1,1,75.58806,-1569.075,2915.041
18.3325,0.72515,2,0.3777173,0,1,1,75.59953,-1568.899,2914.776
18.09417,0.7191207,2,0.3377332,0,1,1,75.61122,-1568.723,2914.513
17.85744,0.7130391,2,0.302074,0,1,1,75.62302,-1568.549,2914.253
17.6194,0.7071067,2,0.2698703,0,1,1,75.63508,-1568.376,2913.995
17.37876,0.7011258,2,0.2406661,0,1,1,75.64746,-1568.203,2913.736
17.14165,0.6950669,2,0.214898,0,1,1,75.65985,-1568.033,2913.483
16.9,0.6890742,2,0.1913527,0,1,1,75.67267,-1567.862,2913.228
16.66117,0.6830063,2,0.1705462,0,1,1,75.68552,-1567.694,2912.977
16.42113,0.6769536,2,0.1518323,0,1,1,75.69864,-1567.527,2912.728
16.18307,0.670849,2,0.1352403,0,1,1,75.71183,-1567.363,2912.482
15.94541,0.6647225,2,0.1204266,0,1,1,75.7252,-1567.2,2912.24
15.7081,0.6584497,2,0.1071991,0,1,1,75.73874,-1567.039,2912
15.4667,0.6525485,2,0.09517478,0,1,1,75.7527,-1566.877,2911.758
15.22789,0.6463654,2,0.08457058,0,1,1,75.7667,-1566.718,2911.521
14.9914,0.6305681,2,0.07520176,0,1,0.1,75.78076,-1566.562,2911.289
14.75347,0.6146743,1,0.06678654,0,1,0.1317242,75.7951,-1566.407,2911.057
14.51612,0.5988189,1,0.05930104,0,1,0.1633716,75.80959,-1566.253,2910.828
14.27846,0.5829433,1,0.05261925,0,1,0.1950594,75.82428,-1566.101,2910.601
14.0403,0.5670341,1,0.04665397,0,1,0.2268144,75.8392,-1565.949,2910.376
13.80342,0.5512104,1,0.04137232,0,1,0.2583986,75.85423,-1565.8,2910.155
13.56551,0.5353183,1,0.03664918,0,1,0.2901194,75.86952,-1565.652,2909.934
13.32844,0.519482,1,0.03246278,0,1,0.3217286,75.88496,-1565.505,2909.718
13.08825,0.5034372,1,0.02869058,0,1,0.3537542,75.9008,-1565.358,2909.5
12.85347,0.4877543,1,0.02541869,0,1,0.3850572,75.91647,-1565.216,2909.291
12.61752,0.4719925,1,0.02249375,0,1,0.416518,75.93241,-1565.074,2909.082
12.37926,0.4560765,1,0.01986956,0,1,0.4482864,75.94871,-1564.932,2908.874
12.14139,0.4642389,1,0.0175464,0,1,0.480002,75.96516,-1564.792,2908.668
11.90408,0.4800913,1,0.01549187,0,1,0.5116434,75.98176,-1564.654,2908.465
11.66735,0.4959047,1,0.01367547,0,1,0.5432072,75.9985,-1564.517,2908.265
11.42963,0.5117844,1,0.01205924,0,1,0.5749032,76.0155,-1564.381,2908.067
11.19172,0.5276766,1,0.01062762,0,1,0.6066242,76.03269,-1564.246,2907.87
10.95529,0.5434701,1,0.009369195,0,1,0.6381481,76.04995,-1564.113,2907.677
10.71687,0.559397,1,0.008246317,0,1,0.6699383,76.06754,-1563.981,2907.485
10.48032,0.5751985,1,0.00726218,0,1,0.7014782,76.08517,-1563.85,2907.297
10.24221,0.5911041,1,0.006386606,0,1,0.7332258,76.1031,-1563.721,2907.109
10.00529,0.6069302,1,0.005617647,0,1,0.7648149,76.12112,-1563.594,2906.925
9.767475,0.6228164,1,0.004936249,0,1,0.7965239,76.13938,-1563.467,2906.742
9.529485,0.6387141,1,0.004334902,0,1,0.8282559,76.15784,-1563.342,2906.562
9.291871,0.6545867,1,0.00380575,0,1,0.8599377,76.17645,-1563.218,2906.383
9.054649,0.6704332,1,0.003340446,0,1,0.8915673,76.19518,-1563.096,2906.207
8.817313,0.6862872,1,0.002930585,0,1,0.9232121,76.21407,-1562.975,2906.033
8.57866,0.7022293,1,0.002567871,0,1,0.9550325,76.23323,-1562.854,2905.86
8.340069,0.7181672,1,0.002249139,0,1,0.9868447,76.25253,-1562.736,2905.688
8.103827,0.7339482,1,0.001971863,0,1,1,76.2718,-1562.619,2905.52
7.865736,0.7498526,1,0.001726233,0,1,1,76.29134,-1562.503,2905.352
7.627191,0.7657874,1,0.001510212,0,1,1,76.31105,-1562.388,2905.185
7.390548,0.7763541,1,0.001322216,0,1,1,76.33073,-1562.275,2905.021
7.153416,0.7687656,1,0.001156853,0,1,1,76.35059,-1562.163,2904.859
6.915725,0.7607642,1,0.001011434,0,1,1,76.37061,-1562.052,2904.698
6.678789,0.7525932,1,0.0008843457,0,1,1,76.39072,-1561.943,2904.539
6.441289,0.7442638,1,0.0007726467,0,1,1,76.411,-1561.835,2904.381
6.204073,0.7357108,1,0.0006748904,0,1,1,76.43141,-1561.728,2904.225
5.966313,0.7269371,1,0.0005890526,0,1,1,76.45201,-1561.623,2904.07
5.729031,0.7179976,1,0.0005140576,0,1,1,76.47272,-1561.519,2903.918
5.490632,0.7092012,1,0.000448108,0,1,1,76.49368,-1561.416,2903.767
5.253957,0.700267,1,0.0003908643,0,1,1,76.51463,-1561.315,2903.619
5.016509,0.6912968,1,0.00034062,0,1,1,76.5358,-1561.215,2903.472
4.778882,0.6821827,1,0.0002966685,0,1,1,76.55715,-1561.117,2903.327
4.541259,0.6729545,1,0.0002582717,0,1,1,76.57866,-1561.019,2903.183
4.303273,0.6635959,1,0.0002246897,0,1,1,76.60035,-1560.924,2903.042
4.066482,0.6541538,1,0.0001955302,0,1,1,76.62209,-1560.83,2902.903
3.828321,0.6445065,1,0.0001699272,0,1,1,76.64412,-1560.737,2902.766
3.590902,0.6342093,1,0.0001476712,0,1,1,76.66626,-1560.646,2902.63
3.353833,0.623666,1,0.0001282922,0,1,1,76.68855,-1560.557,2902.498
3.116946,0.6134428,1,0.0001114131,0,1,1,76.71099,-1560.469,2902.367
2.879158,0.6025696,1,9.6647E-05,0,1,1,76.73371,-1560.382,2902.238
2.640439,0.59161,1,8.374203E-05,0,1,1,76.75671,-1560.297,2902.112
2.403882,0.5801993,1,7.262054E-05,0,1,1,76.77969,-1560.214,2901.988
2.153593,0.5703595,1,6.238392E-05,0,1,1,76.80418,-1560.127,2901.86
1.916542,0.5584491,1,5.402343E-05,0,1,1,76.82759,-1560.047,2901.741
1.678308,0.5470101,1,4.672056E-05,0,1,1,76.8513,-1559.967,2901.625
1.439857,0.5355215,1,4.037597E-05,0,1,1,76.87524,-1559.89,2901.511
1.203334,0.5240456,1,3.491747E-05,0,1,1,76.89917,-1559.814,2901.4
0.9662187,0.5135589,1,3.016938E-05,0,1,1,76.92334,-1559.739,2901.291
0.7296222,0.5033595,1,2.606275E-05,0,1,1,76.94763,-1559.666,2901.185
0.4921467,0.4931612,1,2.24905E-05,0,1,0.9863225,76.97218,-1559.594,2901.08
0.2549997,0.4831248,1,1.940243E-05,0,1,0.9662496,76.99687,-1559.524,2900.978
0.01687916,0.4723454,1,1.67192E-05,0,1,0.9446909,77.02183,-1559.455,2900.877
0,0.4563863,1,1.439235E-05,0,1,0.9127726,77.04703,-1559.386,2900.779
0,0.4405497,1,1.239876E-05,0,1,0.8810994,77.07219,-1559.32,2900.683
0,0.4246867,1,1.067316E-05,0,1,0.8493735,77.09756,-1559.255,2900.589
0,0.4087369,1,9.174973E-06,0,1,0.8174738,77.12323,-1559.191,2900.497
0,0.3929725,1,7.898109E-06,0,1,0.7859451,77.14877,-1559.129,2900.409
0,0.3769751,1,6.779271E-06,0,1,0.7539502,77.17486,-1559.067,2900.321
0,0.3612336,1,5.831348E-06,0,1,0.7224671,77.20069,-1559.008,2900.237
0,0.3454239,1,5.009937E-06,0,1,0.6908478,77.2268,-1558.95,2900.155
0,0.3296334,1,4.302928E-06,0,1,0.6592668,77.25304,-1558.893,2900.075
0,0.3137628,1,3.690752E-06,0,1,0.6275256,77.27959,-1558.838,2899.998
0,0.2979254,1,3.165144E-06,0,1,0.5958508,77.30624,-1558.784,2899.922
0,0.2818727,1,2.70684E-06,0,1,0.5637453,77.33344,-1558.731,2899.848
0,0.2661594,1,2.321975E-06,0,1,0.5323188,77.36022,-1558.68,2899.778
0,0.2503279,1,1.98832E-06,0,1,0.5006558,77.38738,-1558.63,2899.71
0,0.2344253,1,1.700437E-06,0,1,0.4688507,77.41483,-1558.582,2899.644
0,0.215648,1,1.408828E-06,0,1,0.4312959,77.44745,-1558.527,2899.568
0,0.2022255,1,1.235506E-06,0,1,0.4044509,77.47092,-1558.488,2899.516
0,0.2,1,1.054962E-06,0,1,0.4,77.49889,-1558.444,2899.456
0,0.2,1,9.010095E-07,0,1,0.4,77.52689,-1558.402,2899.399
0,0.2,1,7.670031E-07,0,1,0.4,77.55551,-1558.361,2899.344
0,0.2,1,6.556727E-07,0,1,0.4,77.58353,-1558.322,2899.292
0,0.2,1,5.588578E-07,0,1,0.4,77.6121,-1558.284,2899.241
0,0.2,1,4.761814E-07,0,1,0.4,77.64081,-1558.247,2899.193
0,0.2,1,3.897715E-07,0,1,0.4,77.67612,-1558.204,2899.136
0,0.2,1,3.446892E-07,0,1,0.4,77.6987,-1558.178,2899.102
0,0.2,1,2.931651E-07,0,1,0.4,77.72794,-1558.146,2899.061
0,0.2,1,2.494421E-07,0,1,0.4,77.75719,-1558.115,2899.021
0,0.2,1,2.119545E-07,0,1,0.4,77.78674,-1558.086,2898.984
0,0.2,1,1.800703E-07,0,1,0.4,77.81638,-1558.058,2898.948
0,0.2,1,1.528115E-07,0,1,0.4,77.84629,-1558.032,2898.915
0,0.2,1,1.29634E-07,0,1,0.4,77.87634,-1558.007,2898.884
0,0.2,1,1.100568E-07,0,1,0.4,77.90632,-1557.984,2898.855
0,0.2,1,9.336913E-08,0,1,0.4,77.93649,-1557.962,2898.829
0,0.2,1,7.903662E-08,0,1,0.4,77.96712,-1557.942,2898.804
0,0.2,1,6.697788E-08,0,1,0.4,77.99763,-1557.923,2898.782
0,0.2,1,5.666823E-08,0,1,0.4,78.02848,-1557.905,2898.762
0,0.2,1,4.798424E-08,0,1,0.4,78.05927,-1557.89,2898.744
0,0.2,1,4.055552E-08,0,1,0.4,78.09044,-1557.875,2898.729
0,0.2,1,3.427765E-08,0,1,0.4,78.12168,-1557.863,2898.715
0,0.2,1,2.895668E-08,0,1,0.4,78.15308,-1557.852,2898.704
0,0.2,1,2.445528E-08,0,1,0.4,78.18459,-1557.842,2898.694
0,0.2,1,2.062347E-08,0,0,0.1,78.21643,-1557.833,2898.687
0,0.2,1,1.741245E-08,0,0,0.1,78.24809,-1557.824,2898.681
0,0.2,1,1.468537E-08,0,0,0.1,78.27997,-1557.816,2898.678
0.237735,0.2,1,1.237874E-08,0,0,0.1,78.31197,-1557.808,2898.677
0.475851,0.2,1,1.04276E-08,0,0,0.1,78.34413,-1557.801,2898.677
0.4440556,0.2,1,8.786689E-09,0,0,0.1,78.37627,-1557.794,2898.679
0.3519198,0.2,1,7.406402E-09,0,0,0.1,78.40836,-1557.789,2898.682
0.2647355,0.2,1,6.231029E-09,0,0,0.1,78.4408,-1557.784,2898.686
0.186579,0.2,1,5.251511E-09,0,0,0.1,78.47292,-1557.78,2898.689
0.1226106,0.2,1,4.420456E-09,0,0,0.1,78.50526,-1557.776,2898.694
0.0793061,0.2,1,3.720716E-09,0,0,0.1,78.53757,-1557.772,2898.698
0.05656616,0.2,1,3.131419E-09,0,0,0.1,78.56985,-1557.769,2898.701
0.04378219,0.2,1,2.632715E-09,0,0,0.1,78.60228,-1557.766,2898.705
0.03583162,0.2,1,2.217734E-09,0,0,0.1,78.63432,-1557.763,2898.708
0.03090088,0.2,1,1.867086E-09,0,0,0.1,78.66642,-1557.76,2898.712
0.02743442,0.2,1,1.571386E-09,0,0,0.1,78.69853,-1557.758,2898.715
0.02560804,0.2,1,1.319691E-09,0,0,0.1,78.73096,-1557.755,2898.718
0.02367011,0.2,1,1.112981E-09,0,0,0.1,78.76263,-1557.753,2898.72
0.02371771,0.2,1,9.262985E-10,0,0,0.1,78.79651,-1557.751,2898.723
0.01958768,0.2,1,7.798637E-10,0,0,0.1,78.82839,-1557.749,2898.725
0.01901264,0.2,1,6.563707E-10,0,0,0.1,78.86028,-1557.747,2898.728
0.01880585,0.2,1,5.526917E-10,0,0,0.1,78.89206,-1557.745,2898.729
0.01756443,0.2,1,4.648288E-10,0,0,0.1,78.924,-1557.744,2898.731
0.01717844,0.2,1,3.915582E-10,0,0,0.1,78.95562,-1557.742,2898.733
0.01793405,0.2,1,3.295039E-10,0,0,0.1,78.98737,-1557.741,2898.734
0.01926548,0.2,1,2.768327E-10,0,0,0.1,79.01936,-1557.739,2898.735
0.02035591,0.2,1,2.333255E-10,0,0,0.1,79.05076,-1557.738,2898.737
0.02113687,0.2,1,1.965356E-10,0,0,0.1,79.08221,-1557.737,2898.738
0.02192124,0.2,1,1.653797E-10,0,0,0.1,79.11381,-1557.736,2898.738
0.02179458,0.2,1,1.391465E-10,0,0,0.1,79.14538,-1557.735,2898.739
0.02191642,0.2,1,1.172064E-10,0,0,0.1,79.17671,-1557.734,2898.74
0.02141347,0.2,1,9.860301E-11,0,0,0.1,79.20821,-1557.733,2898.74
0.02111523,0.2,1,8.302734E-11,0,0,0.1,79.23952,-1557.732,2898.741
0.02057102,0.2,1,6.985185E-11,0,0,0.1,79.27093,-1557.732,2898.742
0.0201038,0.2,1,5.879274E-11,0,0,0.1,79.30222,-1557.731,2898.742
0.01971273,0.2,1,4.946637E-11,0,0,0.1,79.33354,-1557.73,2898.743
0.01947198,0.2,1,4.167163E-11,0,0,0.1,79.36461,-1557.729,2898.743
0.01918082,0.2,1,3.50662E-11,0,0,0.1,79.39582,-1557.729,2898.743
0.01857639,0.2,1,2.951466E-11,0,0,0.1,79.42695,-1557.728,2898.744
0.01850419,0.2,1,2.48419E-11,0,0,0.1,79.45804,-1557.728,2898.744
0.01767099,0.2,1,2.090353E-11,0,0,0.1,79.48914,-1557.727,2898.744
0.01755813,0.2,1,1.759365E-11,0,0,0.1,79.52015,-1557.727,2898.744
0.01691528,0.2,1,1.481151E-11,0,0,0.1,79.55107,-1557.727,2898.745
0.01671218,0.2,1,1.247025E-11,0,0,0.1,79.58195,-1557.726,2898.745
0.01587574,0.2,1,1.049258E-11,0,0,0.1,79.61288,-1557.726,2898.745
0.01583899,0.2,1,8.83149E-12,0,0,0.1,79.64373,-1557.725,2898.745
0.0147862,0.2,1,7.439729E-12,0,0,0.1,79.67439,-1557.725,2898.745
0.01414085,0.2,1,6.257914E-12,0,0,0.1,79.70526,-1557.725,2898.745
0.01245169,0.2,1,5.269407E-12,0,0,0.1,79.73592,-1557.725,2898.746
0.01052245,0.2,1,4.43525E-12,0,0,0.1,79.76659,-1557.724,2898.746
0.00839539,0.2,1,3.733769E-12,0,0,0.1,79.7972,-1557.724,2898.746
0.005984902,0.2,1,3.143546E-12,0,0,0.1,79.82776,-1557.724,2898.746
0.004220446,0.2,1,2.645251E-12,0,0,0.1,79.85835,-1557.724,2898.746
0.002806406,0.2,1,2.225672E-12,0,0,0.1,79.88893,-1557.724,2898.746
0.001460943,0.2,1,1.872676E-12,0,0,0.1,79.91947,-1557.724,2898.747
0.003146256,0.2,1,1.576767E-12,0,0,0.1,79.94985,-1557.724,2898.747
0.004927542,0.2,1,1.326058E-12,0,0,0.1,79.98038,-1557.724,2898.747
0.005201803,0.2,1,1.116356E-12,0,0,0.1,80.0107,-1557.724,2898.747
0.005491402,0.2,1,9.397285E-13,0,0,0.1,80.041,-1557.724,2898.747
