Wheel Speed,RPM,Gear,Angle,Throttle,Braking,Clutch,Temp,X,Y
2.929577,0.2,1,-1.32758E-08,0,0,0.1,84.30113,-1580.754,2967.112
2.912502,0.2,1,-1.108584E-08,0,0,0.1,84.32424,-1580.747,2967.161
2.885943,0.2,1,-9.44878E-09,0,0,0.1,84.34492,-1580.742,2967.204
2.874886,0.2,1,-8.004763E-09,0,0,0.1,84.3663,-1580.736,2967.248
2.851476,0.2,1,-6.791083E-09,0,0,0.1,84.38751,-1580.731,2967.292
2.823575,0.2,1,-5.751231E-09,0,0,0.1,84.40893,-1580.726,2967.336
2.796014,0.2,1,-4.879296E-09,0,0,0.1,84.43013,-1580.721,2967.378
2.771863,0.2,1,-4.139689E-09,0,0,0.1,84.45131,-1580.716,2967.421
2.746917,0.2,1,-3.505293E-09,0,0,0.1,84.47272,-1580.711,2967.463
2.721298,0.2,1,-2.973193E-09,0,0,0.1,84.49392,-1580.707,2967.505
2.694871,0.2,1,-2.499902E-09,0,0,0.1,84.51614,-1580.703,2967.548
2.668839,0.2,1,-2.125081E-09,0,0,0.1,84.53707,-1580.699,2967.589
2.643954,0.2,1,-1.797479E-09,0,0,0.1,84.55858,-1580.695,2967.63
2.620703,0.2,1,-1.522699E-09,0,0,0.1,84.5799,-1580.691,2967.67
2.596763,0.2,1,-1.292813E-09,0,0,0.1,84.60095,-1580.687,2967.709
2.572925,0.2,1,-1.094815E-09,0,0,0.1,84.6223,-1580.683,2967.749
2.54934,0.2,1,-9.292725E-10,0,0,0.1,84.64336,-1580.68,2967.788
2.525183,0.2,1,-7.893078E-10,0,0,0.1,84.66434,-1580.676,2967.826
2.489904,0.2,1,-6.682601E-10,0,0,0.1,84.68571,-1580.673,2967.864
2.455332,0.2,1,-5.660973E-10,0,0,0.1,84.707,-1580.67,2967.902
2.42104,0.2,1,-4.794327E-10,0,0,0.1,84.72832,-1580.667,2967.939
2.386307,0.2,1,-4.056414E-10,0,0,0.1,84.74974,-1580.663,2967.976
2.352394,0.2,1,-3.431937E-10,0,0,0.1,84.77117,-1580.66,2968.012
2.316696,0.2,1,-2.906925E-10,0,0,0.1,84.79247,-1580.657,2968.048
2.2801,0.2160309,1,-2.459283E-10,1,0,0.1319978,84.8139,-1580.654,2968.084
2.251012,0.2320396,1,-2.081109E-10,1,0,0.1639512,84.83527,-1580.65,2968.12
2.254632,0.2481429,1,-1.759235E-10,1,0,0.1960936,84.85673,-1580.647,2968.156
2.264028,0.2641838,1,-1.488261E-10,1,0,0.2281114,84.87806,-1580.644,2968.193
2.280941,0.2800131,1,-1.262132E-10,1,0,0.2597068,84.89906,-1580.641,2968.229
2.306242,0.295883,1,-1.069967E-10,1,0,0.2913832,84.92004,-1580.638,2968.266
2.34098,0.3119441,1,-9.052072E-11,1,0,0.3234412,84.9412,-1580.634,2968.305
2.387379,0.3279566,1,-7.663607E-11,1,0,0.3554024,84.9622,-1580.631,2968.344
2.446394,0.3438785,1,-6.496048E-11,1,0,0.3871826,84.98299,-1580.628,2968.385
2.518382,0.3598896,1,-5.502155E-11,1,0,0.4191408,85.00376,-1580.625,2968.427
2.605933,0.3759574,1,-4.658718E-11,1,0,0.4512124,85.02446,-1580.621,2968.47
2.712174,0.3918854,1,-3.952176E-11,1,0,0.4830048,85.04482,-1580.617,2968.516
2.840181,0.4078674,1,5.207601,1,0,0.514905,85.06505,-1580.614,2968.564
3.022854,0.4238893,1,9.624842,1,0,0.5468848,85.08514,-1580.611,2968.615
3.199528,0.4398977,1,13.35922,1,0,0.5788376,85.10502,-1580.61,2968.667
3.374137,0.4558914,1,16.51812,1,0,0.6107612,85.12469,-1580.61,2968.722
3.555245,0.4717309,1,19.16862,1,0,0.642377,85.14398,-1580.611,2968.778
3.737422,0.4714128,1,21.4313,1,0,0.6741644,85.16321,-1580.613,2968.837
3.9182,0.4556201,1,23.33549,1,0,0.7056868,85.18211,-1580.617,2968.897
4.096585,0.4396912,1,24.96856,1,0,0.7374808,85.201,-1580.622,2968.959
4.268968,0.4237598,1,26.35585,1,0,0.76928,85.21974,-1580.628,2969.023
4.43935,0.4076944,1,27.54447,1,0,0.8013468,85.23847,-1580.636,2969.089
4.607358,0.3917082,1,28.54822,1,0,0.7834163,85.25695,-1580.644,2969.157
4.77857,0.401613,1,29.40174,1,0,0.803226,85.27528,-1580.655,2969.227
4.952257,0.3946943,1,30.12423,1,0,0.7893887,85.29336,-1580.666,2969.298
5.129002,0.4107846,1,25.13392,1,0,0.8215691,85.31351,-1580.68,2969.38
5.336685,0.4057483,1,21.92227,1,0,0.8114966,85.32893,-1580.692,2969.446
5.51423,0.4151153,1,18.65548,1,0,0.8302307,85.34677,-1580.707,2969.525
5.688453,0.4111112,1,15.95945,1,0,0.8222225,85.36391,-1580.722,2969.604
5.88296,0.4246048,1,13.54867,1,0,0.8492097,85.38168,-1580.739,2969.689
6.075976,0.4159262,1,11.5597,1,0,0.8318525,85.39877,-1580.756,2969.774
6.31633,0.4319819,1,9.872237,1,0,0.8638997,85.4156,-1580.773,2969.861
6.556444,0.429552,1,8.436478,1,0,0.8591039,85.43221,-1580.79,2969.95
6.806608,0.4428969,1,7.161648,1,0,0.8857939,85.44929,-1580.808,2970.044
7.048836,0.4402443,1,6.116722,1,0,0.8804887,85.46561,-1580.827,2970.139
7.289257,0.4527538,1,5.233312,1,0,0.9055076,85.48161,-1580.845,2970.235
7.525986,0.4492453,1,4.491025,1,0,0.8984907,85.49717,-1580.863,2970.331
7.767058,0.4637089,1,3.843986,1,0,0.9274179,85.51282,-1580.882,2970.432
8.004168,0.4583067,1,3.300688,1,0,0.9166133,85.52802,-1580.901,2970.533
8.246829,0.4745164,1,2.824484,1,0,0.9489682,85.54337,-1580.921,2970.638
8.484129,0.4682945,1,-2.399381,1,0,0.9365889,85.5582,-1580.94,2970.744
8.724977,0.4841329,1,-6.943835,1,0,0.9682659,85.57306,-1580.959,2970.853
8.963626,0.4764339,1,-10.79632,1,0,0.9528677,85.58761,-1580.978,2970.963
9.204215,0.4919636,1,-14.12579,1,0,0.9839272,85.6021,-1580.997,2971.075
9.441536,0.4918463,1,-16.93875,1,0,0.9836926,85.61625,-1581.015,2971.188
9.683284,0.4994139,1,-19.39958,1,0,0.9988278,85.6305,-1581.033,2971.305
9.921464,0.5072095,1,-21.47621,1,0,1,85.64439,-1581.051,2971.422
10.15914,0.5207086,1,-23.25609,1,0,1,85.65811,-1581.068,2971.541
10.40117,0.5296062,1,-24.81396,1,0,1,85.67194,-1581.085,2971.663
10.64441,0.5388799,1,-21.3031,1,0,1,85.68568,-1581.102,2971.788
10.88138,0.5530611,1,-18.37281,1,0,1,85.69891,-1581.118,2971.912
11.11844,0.566323,1,-15.85044,1,0,1,85.71199,-1581.133,2972.037
11.35562,0.5791404,1,-13.67859,1,0,1,85.72491,-1581.148,2972.166
11.59475,0.5917673,1,-11.79381,1,0,1,85.73775,-1581.162,2972.297
11.8369,0.6043765,1,-10.1529,1,0,1,85.75054,-1581.176,2972.433
12.07654,0.6171331,1,-8.759194,1,0,1,85.76299,-1581.191,2972.57
12.31374,0.6298253,1,-7.57266,1,0,1,85.77511,-1581.205,2972.708
12.55576,0.642319,1,-6.529309,1,0,1,85.78725,-1581.219,2972.852
12.79287,0.654834,1,-5.650705,1,0,1,85.79893,-1581.234,2972.994
13.0303,0.6670719,1,-4.891544,1,0,1,85.81043,-1581.249,2973.14
13.27346,0.6786231,1,-4.220462,1,0,1,85.82201,-1581.266,2973.291
13.51069,0.6904217,1,-3.65727,1,0,1,85.83308,-1581.282,2973.441
13.74933,0.7020363,1,-3.160783,1,0,1,85.84418,-1581.299,2973.596
13.96911,0.713492,1,-2.73933,1,0,1,85.85492,-1581.317,2973.751
14.18106,0.7245351,1,-2.376208,1,0,1,85.86543,-1581.336,2973.908
14.38895,0.7360319,1,-2.062849,1,0,1,85.87571,-1581.355,2974.066
14.59721,0.7472798,1,-1.784443,1,0,1,85.88608,-1581.375,2974.231
14.81501,0.7586307,1,-1.550206,1,0,1,85.89601,-1581.395,2974.395
15.03207,0.7731139,1,-1.343568,1,0,1,85.90595,-1581.416,2974.563
15.25736,0.7837032,1,-1.167026,1,0,1,85.9156,-1581.437,2974.732
15.48286,0.7951722,1,-1.015352,1,0,1,85.92498,-1581.458,2974.901
15.70999,0.8061273,1,-0.881512,1,0,1,85.93435,-1581.48,2975.076
15.94399,0.8175388,1,-0.7662742,1,0,1,85.94347,-1581.502,2975.252
16.17956,0.8288338,1,-0.6671576,1,0,1,85.95233,-1581.524,2975.429
16.41465,0.8407695,1,-0.5802043,1,0,1,85.9611,-1581.547,2975.61
16.65396,0.8510719,1,-0.5049062,1,0,1,85.96966,-1581.57,2975.794
16.88981,0.8616138,1,-0.4407958,1,0,1,85.97785,-1581.593,2975.977
17.13173,0.8778051,1,-0.3834678,1,0,1,85.98606,-1581.617,2976.168
17.36901,0.8934495,1,-0.3348183,1,0,1,85.99387,-1581.64,2976.358
17.61007,0.9056613,1,-0.2918132,1,0,1,86.00159,-1581.664,2976.553
17.84767,0.9179884,1,-0.2549996,1,0,1,86.009,-1581.688,2976.748
17.90765,0.9274635,1,-0.2229268,1,0,1,86.0162,-1581.712,2976.946
17.90869,0.9359558,1,-0.1942999,1,0,1,86.02338,-1581.737,2977.15
17.90953,0.9444139,1,-0.1700372,1,0,1,86.0302,-1581.761,2977.352
17.91024,0.9528006,1,-0.1485257,1,0,1,86.03693,-1581.786,2977.56
17.91081,0.9610669,1,-0.1299332,1,0,1,86.04343,-1581.811,2977.769
17.91137,0.9657124,1,-0.1139044,1,0,1,86.04966,-1581.835,2977.977
17.91138,0.9701723,1,-0.09982771,1,0,1,86.05573,-1581.859,2978.189
17.91107,0.9543385,1,-0.0875781,0,0,0.1,86.06158,-1581.881,2978.4
17.66638,0.9379938,2,-0.07647897,0,0,0.1326242,86.06763,-1581.902,2978.617
17.42715,0.922013,2,-0.06699728,0,0,0.164522,86.07357,-1581.921,2978.83
17.18933,0.9061263,2,-0.05873584,0,0,0.196232,86.07949,-1581.939,2979.04
16.94768,0.8899844,2,-0.05137319,0,0,0.2284512,86.08553,-1581.956,2979.254
16.70331,0.8736606,2,-0.04485773,0,0,0.2610336,86.09164,-1581.972,2979.47
16.46341,0.8576353,2,-0.03926975,0,0,0.2930204,86.09767,-1581.987,2979.681
16.22494,0.8417054,2,-0.03440456,0,0,0.3248166,86.10368,-1582.002,2979.891
15.98242,0.8255048,2,-0.03006752,0,0,0.357153,86.10981,-1582.015,2980.104
15.74154,0.8094143,2,-0.02630101,0,0,0.3892698,86.11592,-1582.028,2980.315
15.50078,0.7933315,2,-0.02300618,0,0,0.4213712,86.12205,-1582.041,2980.526
15.26751,0.7777493,2,-0.02021229,0,0,0.4524734,86.128,-1582.052,2980.729
15.02933,0.7618389,2,-0.01770464,0,0,0.4842308,86.13409,-1582.064,2980.937
14.79059,0.7458906,2,-0.01550167,0,0,0.5160636,86.14023,-1582.074,2981.145
14.55317,0.7300314,2,-0.01358251,0,0,0.5477188,86.14635,-1582.085,2981.351
14.31017,0.7137988,2,-0.0118604,0,0,0.5801193,86.15265,-1582.095,2981.562
14.07164,0.6978651,2,-0.0103835,1,0,0.6119229,86.15885,-1582.105,2981.77
13.8354,0.6820838,2,-0.009106352,1,0,0.6434225,86.16483,-1582.115,2981.979
13.59757,0.6661968,2,-0.0079818,1,0,0.6751333,86.17069,-1582.124,2982.191
13.83705,0.6501992,2,-0.006991875,1,0,0.7070645,86.17643,-1582.134,2982.407
14.07231,0.6344838,2,-0.006142145,1,0,0.7384327,86.18192,-1582.143,2982.62
14.3098,0.6186196,2,-0.005390481,1,0,0.7700977,86.18732,-1582.153,2982.837
14.54737,0.6047891,2,-0.00473225,1,0,0.8017739,86.19257,-1582.162,2983.057
14.78564,0.5928314,2,-0.004154162,1,0,0.8335433,86.19768,-1582.172,2983.279
15.00667,0.581055,2,-0.003651163,1,0,0.8651143,86.20261,-1582.181,2983.501
15.13086,0.5692637,2,-0.003199135,1,0,0.8974791,86.2075,-1582.191,2983.731
15.25838,0.5582451,2,-0.002815561,1,0,0.9289091,86.2121,-1582.2,2983.956
15.46112,0.5480896,2,-4.206342,1,0,0.9611251,86.21664,-1582.209,2984.189
15.53006,0.5366701,2,-7.859522,1,0,0.9931251,86.22099,-1582.217,2984.423
15.62668,0.5373451,2,-11.05007,1,0,1,86.22517,-1582.224,2984.658
15.73651,0.5410513,2,-13.8425,1,0,1,86.22917,-1582.23,2984.895
15.86438,0.5448993,2,-16.33174,1,0,1,86.23309,-1582.235,2985.136
15.98317,0.5467499,2,-18.46339,1,0,1,86.23677,-1582.239,2985.375
16.09923,0.551416,2,-16.27035,1,0,1,86.24032,-1582.242,2985.616
16.22124,0.5567591,2,-14.36769,1,0,1,86.24368,-1582.244,2985.856
16.35799,0.5624057,2,-12.67181,1,0,1,86.24692,-1582.245,2986.101
16.49843,0.5695954,2,-11.12885,1,0,1,86.25011,-1582.246,2986.356
16.64276,0.5786224,2,-9.765096,1,0,1,86.25314,-1582.245,2986.616
16.77358,0.5836562,2,-8.632407,1,0,1,86.25587,-1582.245,2986.865
16.90004,0.588579,2,-7.611169,1,0,1,86.25848,-1582.244,2987.122
17.0119,0.5931572,2,-6.717888,1,0,1,86.26093,-1582.242,2987.379
17.12666,0.5978453,2,-5.935986,1,0,1,86.26319,-1582.24,2987.637
17.24126,0.6010136,2,-5.251705,1,0,1,86.26527,-1582.238,2987.896
17.34362,0.6072107,2,-4.61691,1,0,1,86.2673,-1582.235,2988.17
17.43543,0.6113884,2,-4.085626,1,0,1,86.26904,-1582.232,2988.435
17.53078,0.6164701,2,-3.610576,1,0,1,86.27065,-1582.229,2988.705
17.6174,0.6210067,2,-3.19999,1,0,1,86.27205,-1582.225,2988.972
17.71817,0.6256423,2,-2.835799,1,0,1,86.27329,-1582.22,2989.242
17.86802,0.6302732,2,-2.507076,1,0,1,86.2744,-1582.214,2989.521
18.01779,0.6348751,2,-2.212686,1,0,1,86.27535,-1582.208,2989.806
18.15418,0.6393806,2,-1.962368,1,0,1,86.27611,-1582.201,2990.083
18.28638,0.6437441,2,-1.738372,1,0,1,86.27671,-1582.193,2990.367
18.4204,0.6478533,2,-1.542752,1,0,1,86.27715,-1582.185,2990.649
18.55309,0.6519045,2,-1.369128,1,0,1,86.27743,-1582.176,2990.933
18.68638,0.6559669,2,-1.215451,1,0,1,86.27757,-1582.166,2991.219
18.81996,0.659996,2,-1.080491,1,0,1,86.27758,-1582.156,2991.505
18.9527,0.664055,2,-0.9605244,1,0,1,86.27747,-1582.145,2991.792
19.086,0.6681494,2,-0.8542169,1,0,1,86.27724,-1582.134,2992.081
19.21942,0.674218,2,-0.7598672,1,0,1,86.27691,-1582.122,2992.372
19.45541,0.6843737,2,-0.6767932,1,0,1,86.27646,-1582.11,2992.661
19.69661,0.6881971,2,-0.6013582,1,0,1,86.27586,-1582.098,2992.959
19.934,0.6924471,2,-0.5355467,1,0,1,86.27516,-1582.085,2993.254
20.11437,0.6969841,2,-0.4752904,1,0,1,86.27431,-1582.072,2993.56
20.25335,0.7014106,2,-0.4236074,1,0,1,86.27335,-1582.059,2993.857
20.38818,0.7058486,2,-0.3779532,1,0,1,86.27226,-1582.045,2994.155
20.52231,0.7104502,2,-0.3362689,1,0,1,86.27102,-1582.03,2994.462
20.66009,0.7148015,2,-0.2997131,1,0,1,86.26965,-1582.015,2994.768
20.7964,0.7191371,2,3.477436,1,0,1,86.26814,-1582,2995.077
20.979,0.7237226,2,6.799203,1,0,1,86.26652,-1581.985,2995.385
20.99108,0.726639,2,9.73673,1,0,1,86.26477,-1581.971,2995.693
20.99725,0.7294536,2,12.35313,1,0,1,86.26289,-1581.957,2996.002
21.00346,0.7322912,2,14.69899,1,0,1,86.26086,-1581.944,2996.316
21.12241,0.7351602,2,13.07318,1,0,1,86.25861,-1581.931,2996.643
21.26501,0.7402602,2,11.68553,1,0,1,86.2563,-1581.92,2996.96
21.40222,0.7453902,2,10.43407,1,0,1,86.25382,-1581.909,2997.282
21.54082,0.7505758,2,9.316887,1,0,1,86.25119,-1581.899,2997.608
21.67934,0.7558759,2,8.329618,1,0,1,86.24841,-1581.89,2997.933
21.81625,0.7610096,2,7.451591,1,0,1,86.24548,-1581.881,2998.26
21.95198,0.7660123,2,6.676192,1,0,1,86.24242,-1581.872,2998.586
22.08517,0.771199,2,5.98391,1,0,1,86.23917,-1581.863,2998.914
22.2168,0.775367,2,5.351474,1,0,1,86.23566,-1581.853,2999.253
22.34979,0.7796924,2,4.785231,1,0,1,86.23195,-1581.843,2999.595
22.48168,0.7840267,2,4.300645,1,0,1,86.2282,-1581.833,2999.926
22.60669,0.7885165,2,3.854759,1,0,1,86.22418,-1581.823,3000.268
22.73371,0.7931305,2,3.462986,1,0,1,86.22005,-1581.813,3000.607
22.85764,0.7976382,2,3.110294,1,0,1,86.21573,-1581.804,3000.95
23.10019,0.8097343,2,2.788709,1,0,1,86.21115,-1581.794,3001.302
23.33943,0.8134522,2,2.505388,1,0,1,86.20646,-1581.784,3001.652
23.58143,0.8170804,2,2.248918,1,0,1,86.20154,-1581.776,3002.008
23.81686,0.8209648,2,2.025834,1,0,1,86.19658,-1581.767,3002.357
23.99016,0.8259702,2,1.821051,1,0,1,86.19133,-1581.76,3002.716
24.02101,0.8334789,2,1.638783,1,0,1,86.18593,-1581.753,3003.076
24.05397,0.8371446,2,1.475487,1,0,1,86.18036,-1581.746,3003.438
24.09124,0.8411142,2,1.329611,1,0,1,86.17464,-1581.741,3003.8
24.12888,0.8452446,2,1.199586,1,0,1,86.16881,-1581.736,3004.161
24.16707,0.8522025,2,1.079632,1,0,1,86.16267,-1581.732,3004.535
24.20647,0.8561004,2,0.9739,1,0,1,86.15649,-1581.728,3004.903
24.44402,0.862366,2,0.8791641,1,0,1,86.15024,-1581.725,3005.271
24.68601,0.8699422,2,0.7922415,1,0,1,86.14377,-1581.722,3005.647
24.92493,0.8729672,2,0.7150499,1,0,1,86.13731,-1581.719,3006.019
25.16456,0.87603,2,0.6452847,1,0,1,86.13078,-1581.716,3006.393
25.40204,0.8790238,2,0.5829976,1,0,1,86.12422,-1581.714,3006.765
25.52966,0.8820648,2,0.5259541,1,0,1,86.11752,-1581.711,3007.144
25.76948,0.8980845,2,0.4748403,1,0,1,86.11079,-1581.708,3007.521
25.77987,0.882067,2,0.4287678,1,0,1,86.104,-1581.706,3007.898
25.89053,0.8808892,2,0.3873156,1,0,1,86.09721,-1581.703,3008.275
26.00103,0.8841103,2,0.3499829,1,0,1,86.0904,-1581.7,3008.652
26.1108,0.8910382,2,0.31607,0,0,1,86.08352,-1581.697,3009.031
25.86912,0.8748944,2,0.2852204,0,0,1,86.07664,-1581.694,3009.412
25.63147,0.8590193,2,0.2578224,0,0,1,86.06992,-1581.69,3009.786
25.39427,0.8483423,2,0.2330818,0,0,1,86.06326,-1581.686,3010.159
25.15617,0.8479488,2,0.2106097,0,0,1,86.05663,-1581.682,3010.533
24.91959,0.848882,2,0.1904142,0,0,1,86.05009,-1581.679,3010.904
24.67992,0.8491068,2,0.1718977,0,0,1,86.04352,-1581.676,3011.28
24.44047,0.8492101,2,0.1551799,0,0,1,86.03701,-1581.674,3011.654
24.20411,0.8485132,2,0.1402674,0,0,1,86.03065,-1581.672,3012.022
23.96739,0.847233,2,0.126753,0,0,1,86.02432,-1581.672,3012.391
23.72421,0.8453317,2,0.1141944,0,0,1,86.01788,-1581.672,3012.769
23.55449,0.8433121,2,0.1031265,0,0,1,86.01163,-1581.674,3013.137
23.5162,0.8410541,2,0.09285399,0,0,1,86.00528,-1581.676,3013.515
23.49664,0.8388539,2,0.08381256,0,0,1,85.99911,-1581.679,3013.884
23.44764,0.8365369,2,0.07567645,0,0,1,85.99303,-1581.683,3014.25
23.37215,0.834269,2,0.06822654,0,0,1,85.98692,-1581.686,3014.62
23.3095,0.8318709,2,0.06160454,0,0,1,85.98095,-1581.69,3014.983
23.22567,0.8293665,2,0.05548116,0,0,1,85.97489,-1581.694,3015.355
23.16945,0.8274208,2,0.05003788,0,0,1,85.96897,-1581.698,3015.721
23.09529,0.8250905,2,0.04510026,0,0,1,85.96307,-1581.701,3016.088
23.02153,0.822716,2,0.04065149,0,0,1,85.95723,-1581.705,3016.453
22.94696,0.8199944,2,0.0366471,0,0,1,85.95146,-1581.709,3016.818
22.87229,0.8171259,2,-3.359669,0,0,1,85.94573,-1581.712,3017.183
22.79469,0.8143328,2,-6.377033,0,0,1,85.94014,-1581.715,3017.542
22.72214,0.811511,2,-9.161795,0,0,1,85.93448,-1581.718,3017.908
22.65801,0.8094566,2,-11.62483,0,0,1,85.92897,-1581.719,3018.267
22.59488,0.8073011,2,-13.89578,0,0,1,85.92339,-1581.72,3018.633
22.53455,0.8052781,2,-12.53524,0,0,1,85.918,-1581.721,3018.99
22.46132,0.8034512,2,-11.27988,0,0,1,85.91253,-1581.721,3019.355
22.42604,0.7990208,2,-10.1631,0,0,1,85.90717,-1581.72,3019.715
22.43048,0.7946036,2,-9.163447,0,0,1,85.9019,-1581.718,3020.071
22.44036,0.7910115,2,-8.238174,0,0,1,85.89654,-1581.716,3020.437
22.45753,0.7902797,2,-7.426598,0,0,1,85.89133,-1581.713,3020.793
22.48256,0.7865923,2,-6.69177,0,0,1,85.88615,-1581.71,3021.15
22.51017,0.7891176,2,-6.029242,0,0,1,85.88101,-1581.705,3021.507
22.53984,0.7914764,2,-5.412167,0,0,1,85.87574,-1581.699,3021.875
22.56955,0.793072,2,-4.872556,0,0,1,85.87065,-1581.692,3022.232
22.5905,0.7942041,2,-4.380985,0,0,1,85.86555,-1581.685,3022.593
22.60394,0.7982123,2,-3.942686,0,0,1,85.86054,-1581.677,3022.95
22.59393,0.8008265,2,-3.547719,0,0,1,85.85558,-1581.667,3023.307
22.56134,0.80204,2,-3.192217,0,0,1,85.85069,-1581.657,3023.663
22.51426,0.8013802,2,-2.864279,0,0,1,85.84572,-1581.645,3024.027
22.44225,0.8002228,2,-2.588269,0,0,1,85.84111,-1581.632,3024.367
22.3689,0.7985526,2,-2.313405,1,0,1,85.83609,-1581.618,3024.744
22.60612,0.8143992,2,-2.08384,1,0,1,85.83124,-1581.602,3025.099
22.86548,0.8187416,2,-1.858449,1,0,1,85.82578,-1581.585,3025.489
23.08064,0.8260009,2,-1.692268,1,0,1,85.82112,-1581.569,3025.814
23.3183,0.828554,2,-1.525604,1,0,1,85.81585,-1581.551,3026.175
23.4684,0.8328601,2,-1.371645,1,0,1,85.81029,-1581.531,3026.548
23.58359,0.8380567,2,-1.233838,1,0,1,85.80459,-1581.511,3026.923
23.7512,0.8442057,2,-1.1165,1,0,1,85.79905,-1581.491,3027.28
23.86396,0.8482752,2,-1.002388,1,0,1,85.79293,-1581.469,3027.667
23.97216,0.8522217,2,-0.904457,1,0,1,85.7869,-1581.447,3028.042
24.11052,0.8600366,2,-0.806712,1,0,1,85.78004,-1581.422,3028.458
24.24469,0.8652856,2,-0.7373643,1,0,1,85.77442,-1581.401,3028.793
24.27634,0.8667206,2,-0.6668251,1,0,1,85.76805,-1581.378,3029.167
24.51377,0.8825805,2,-0.6031061,1,0,1,85.76153,-1581.355,3029.545
24.75505,0.8986983,2,-0.5447202,1,0,1,85.75478,-1581.331,3029.931
24.99331,0.9146137,2,-0.4928333,1,0,1,85.74796,-1581.307,3030.313
25.2312,0.9305051,2,-0.4461033,1,0,1,85.74101,-1581.283,3030.696
25.47432,0.9467455,2,-0.4029551,1,0,1,85.73384,-1581.258,3031.087
25.71661,0.9629301,2,-0.3641071,1,0,1,85.72672,-1581.234,3031.477
25.95223,0.9642272,2,-0.3299633,1,0,1,85.7198,-1581.21,3031.856
26.18933,0.9641101,2,-0.2988215,1,0,1,85.71286,-1581.187,3032.237
26.43024,0.9802029,2,-0.2701632,1,0,1,85.70583,-1581.162,3032.624
26.66993,0.9817874,2,-0.2443834,1,0,1,85.69884,-1581.139,3033.009
26.90946,0.9977879,2,-0.2210781,1,0,1,85.69186,-1581.115,3033.394
27.1501,0.9999983,2,-0.199897,1,0,1,85.68486,-1581.09,3033.78
27.38863,0.9999966,2,-0.1809155,1,0,1,85.67793,-1581.067,3034.162
27.63132,0.9999946,2,-0.1634375,1,0,1,85.67089,-1581.042,3034.552
27.78624,0.9999943,2,-0.1481533,1,0,1,85.66408,-1581.019,3034.928
27.7864,0.9999918,2,-0.1341633,1,0,1,85.65719,-1580.995,3035.308
27.78663,0.9999899,2,-0.1213196,1,0,1,85.65022,-1580.971,3035.694
27.78691,0.9999887,2,-0.1097566,1,0,1,85.64326,-1580.947,3036.077
27.78722,0.9839476,2,-0.0992759,1,0,1,85.63629,-1580.923,3036.462
27.78695,0.9679854,2,-0.08984555,1,0,1,85.62935,-1580.9,3036.845
27.78681,0.9521069,2,-0.08136276,1,0,1,85.62241,-1580.876,3037.226
27.78656,0.9359203,2,-0.07353882,1,0,1,85.61531,-1580.851,3037.616
27.78668,0.9411854,2,-0.06657702,1,0,1,85.60825,-1580.827,3038.001
27.78729,0.9434935,2,-0.06027028,1,0,1,85.6011,-1580.803,3038.389
27.78839,0.9275789,2,-0.05460445,1,0,1,85.5939,-1580.779,3038.776
27.78952,0.919492,2,-0.04943076,1,0,1,85.58654,-1580.754,3039.17
27.55259,0.9036645,2,-0.04483309,1,0,1,85.57919,-1580.731,3039.559
27.31492,0.9195407,2,-0.0406658,1,0,1,85.57166,-1580.707,3039.953
27.10848,0.9315227,2,-0.03680366,1,0,1,85.56373,-1580.683,3040.361
27.18437,0.9371152,2,-0.03343172,1,0,1,85.55579,-1580.661,3040.761
27.28065,0.9433795,2,-0.03032717,1,0,1,85.54745,-1580.638,3041.172
27.38237,0.9496575,2,-0.02755459,1,0,1,85.53891,-1580.615,3041.584
27.49801,0.9561005,2,-0.02504994,1,0,1,85.53008,-1580.593,3042
27.60986,0.9627828,2,-0.02278508,1,0,1,85.52097,-1580.57,3042.421
27.71953,0.9688991,2,-3.138543,1,0,1,85.51144,-1580.546,3042.851
27.84222,0.9751845,2,-5.910868,1,0,1,85.50175,-1580.521,3043.279
27.96069,0.9817116,2,-8.379059,1,0,1,85.49194,-1580.495,3043.703
28.06224,0.965602,2,-10.66904,0,0,0.1,85.48164,-1580.467,3044.136
27.82545,0.9497844,3,-12.72055,0,0,0.131572,85.47158,-1580.438,3044.561
27.58822,0.9339378,3,-14.599,0,0,0.163202,85.46155,-1580.408,3044.987
27.34671,0.9178048,3,-13.30407,0,0,0.1954036,85.45139,-1580.376,3045.419
27.10877,0.9019104,3,-12.14038,0,0,0.2271288,85.44141,-1580.344,3045.844
26.97126,0.885814,3,-11.06398,0,0,0.2592574,85.43137,-1580.31,3046.274
26.90688,0.8698116,3,-10.08787,0,0,0.2911984,85.42142,-1580.275,3046.701
26.84457,0.853875,3,-9.200703,0,0,0.323008,85.41158,-1580.24,3047.126
26.77126,0.8378532,3,-8.386475,0,0,0.3549876,85.40172,-1580.205,3047.552
26.70388,0.8218734,3,-7.645535,0,0,0.3868834,85.39194,-1580.168,3047.977
26.63589,0.8059481,3,-6.971707,0,0,0.4186704,85.38225,-1580.132,3048.4
26.56534,0.7898774,3,-6.351046,0,0,0.4507478,85.37253,-1580.094,3048.826
26.49329,0.7740244,3,-5.792754,0,0,0.4823904,85.363,-1580.057,3049.245
26.48222,0.7579069,3,-5.274538,0,0,0.5145612,85.35337,-1580.019,3049.671
26.49552,0.7419446,3,-4.806786,0,0,0.546422,85.34389,-1579.981,3050.093
26.51149,0.7258885,3,-4.377628,0,0,0.5784702,85.3344,-1579.942,3050.517
26.52858,0.7098927,3,-3.987916,0,0,0.6103978,85.325,-1579.903,3050.938
26.54398,0.6939733,3,-3.634276,0,0,0.6421732,85.31569,-1579.864,3051.357
26.55481,0.6778752,3,-3.308095,0,0,0.6743052,85.30634,-1579.824,3051.78
26.56006,0.6619206,3,-3.01358,0,0,0.7061506,85.29711,-1579.783,3052.199
26.55819,0.6459732,3,-2.745172,0,0,0.7379818,85.28794,-1579.742,3052.617
26.54771,0.6299908,3,-2.49992,0,0,0.7698828,85.2788,-1579.701,3053.035
26.53002,0.6139088,3,-2.27499,0,0,0.8019826,85.26965,-1579.658,3053.456
26.50511,0.5978724,3,-2.070695,0,0,0.8339914,85.26058,-1579.614,3053.875
26.47319,0.583793,3,-1.886616,0,0,0.8656502,85.25166,-1579.57,3054.288
26.43004,0.5996481,3,-1.718816,0,0,0.897297,85.24279,-1579.525,3054.701
26.38048,0.6157895,3,-1.563043,0,0,0.9295154,85.2338,-1579.477,3055.121
26.33082,0.6317912,3,-1.422487,0,0,0.961455,85.22495,-1579.43,3055.536
26.27637,0.6476246,3,-1.295806,0,0,0.9930586,85.21622,-1579.381,3055.947
26.21994,0.6635543,3,-1.179607,0,0,1,85.2075,-1579.331,3056.359
26.1634,0.6708861,3,-1.072541,0,0,1,85.19872,-1579.279,3056.776
26.10812,0.6701553,3,-0.9762482,0,0,1,85.19009,-1579.227,3057.187
26.05718,0.6694431,3,-0.8875091,0,0,1,85.1814,-1579.174,3057.602
26.03267,0.6685629,3,-0.8073013,0,0,1,85.17282,-1579.12,3058.014
26.01567,0.6677463,3,-0.7341218,0,0,1,85.16425,-1579.064,3058.426
25.99533,0.6669205,3,-0.6684759,0,0,1,85.15585,-1579.009,3058.832
25.97237,0.6661019,3,-0.6083726,0,0,1,85.14745,-1578.953,3059.239
25.94816,0.665325,3,-0.5535995,0,0,1,85.13908,-1578.897,3059.646
25.92222,0.6645674,3,-0.5021684,0,0,1,85.13049,-1578.839,3060.065
25.89556,0.6638488,3,-0.4569492,0,0,1,85.12223,-1578.781,3060.47
25.86679,0.6631259,3,-0.4154002,0,0,1,85.11393,-1578.723,3060.878
25.83824,0.6624447,3,-0.3778957,0,0,1,85.10574,-1578.666,3061.283
25.80796,0.6617496,3,-0.3431655,0,0,1,85.09744,-1578.607,3061.695
25.77726,0.6610654,3,-0.3120551,0,0,1,85.08932,-1578.549,3062.1
25.74549,0.6603703,3,-0.2698562,0,0,1,85.07729,-1578.463,3062.703
25.69003,0.6591815,3,-0.2455671,0,0,1,85.06935,-1578.405,3063.103
25.66629,0.6586677,3,-0.2233638,0,0,1,85.06142,-1578.347,3063.504
25.63439,0.6579862,3,-0.2032229,0,0,1,85.05357,-1578.29,3063.903
25.60193,0.6572909,3,-0.1847533,0,0,1,85.0457,-1578.232,3064.305
25.57031,0.656623,3,-0.1679782,0,0,1,85.03789,-1578.174,3064.706
25.5402,0.6559846,3,-0.1512051,0,0,1,85.02935,-1578.111,3065.146
25.49129,0.6549252,3,-0.1353332,0,0,1,85.02045,-1578.045,3065.607
25.45677,0.6541675,3,-0.1212381,0,0,1,85.01167,-1577.98,3066.064
25.4213,0.6533754,3,-0.1082382,0,0,1,85.00272,-1577.913,3066.534
25.38613,0.6525852,3,-0.09678981,0,0,1,84.99394,-1577.847,3066.996
25.3554,0.6519125,3,-0.0863556,0,0,1,84.98507,-1577.779,3067.466
25.32884,0.6512615,3,-0.07709325,0,0,1,84.9763,-1577.713,3067.932
25.30362,0.6505507,3,-0.06819145,0,0,1,84.96695,-1577.641,3068.434
25.27479,0.6497239,3,-0.06070742,0,0,1,84.95814,-1577.574,3068.909
25.2437,0.6487592,3,-0.05345124,0,0,1,84.94862,-1577.5,3069.425
25.20848,0.647885,3,-0.04772809,0,0,1,84.94016,-1577.435,3069.886
25.16929,0.6468431,3,-0.04268681,0,0,1,84.93188,-1577.37,3070.341
25.13229,0.645872,3,-0.03805963,0,0,1,84.92345,-1577.304,3070.806
25.09494,0.6449176,3,-0.03342878,0,0,1,84.91408,-1577.23,3071.327
25.05696,0.6439583,3,-0.02976031,0,0,1,84.90569,-1577.163,3071.795
25.01976,0.6430131,3,-0.02650318,0,0,1,84.89738,-1577.097,3072.262
24.98489,0.642167,3,-0.02365277,0,0,1,84.8893,-1577.032,3072.719
24.95084,0.6413378,3,-0.02119523,0,0,1,84.88155,-1576.97,3073.16
24.91889,0.6405516,3,-0.0186956,0,0,1,84.87283,-1576.899,3073.659
24.88546,0.6397214,3,-0.01675089,0,0,1,84.8652,-1576.837,3074.099
24.85361,0.6389256,3,-0.01491746,0,0,1,84.85723,-1576.771,3074.56
24.82254,0.6381495,3,-0.01335623,0,0,1,84.84968,-1576.709,3075
24.79255,0.6373925,3,-0.011913,0,0,1,84.84195,-1576.644,3075.454
24.76254,0.6366321,3,-0.01066572,0,0,1,84.83452,-1576.582,3075.892
24.73231,0.6358672,3,-0.00953033,0,0,1,84.82702,-1576.519,3076.337
24.70154,0.6350873,3,-0.00853679,1,0,1,84.81973,-1576.457,3076.773
24.96464,0.6448613,3,3.515761,1,0,1,84.81242,-1576.396,3077.206
25.22519,0.6485084,3,6.639301,1,0,1,84.80508,-1576.336,3077.636
25.49655,0.6508877,3,9.554837,1,0,1,84.79731,-1576.275,3078.086
25.65022,0.6530494,3,11.92203,1,0,1,84.79014,-1576.221,3078.497
25.71644,0.6540036,3,14.04023,1,0,1,84.78294,-1576.169,3078.906
25.84189,0.6559547,3,15.95753,1,0,1,84.77563,-1576.118,3079.318
25.96357,0.6586345,3,14.4649,1,0,1,84.7683,-1576.069,3079.727
26.06352,0.660949,3,13.12894,0,0,1,84.76095,-1576.021,3080.132
25.82695,0.6547771,3,11.93545,0,0,1,84.75378,-1575.976,3080.53
25.632,0.651366,3,10.84579,0,0,1,84.74662,-1575.932,3080.928
25.56616,0.6499179,3,9.832582,0,0,1,84.73936,-1575.888,3081.335
25.53269,0.6490815,3,8.924399,0,0,1,84.73223,-1575.846,3081.737
25.50546,0.6480542,3,8.103949,0,0,1,84.72519,-1575.806,3082.136
25.48673,0.6474893,3,7.351302,0,0,1,84.71814,-1575.766,3082.539
25.46374,0.646865,3,6.672611,0,0,1,84.71119,-1575.728,3082.938
25.43823,0.6462144,3,6.056179,0,0,1,84.70429,-1575.691,3083.337
25.41122,0.6458324,3,5.499193,0,0,1,84.69747,-1575.655,3083.734
25.3694,0.6449882,3,4.982791,0,0,1,84.69057,-1575.619,3084.138
25.32155,0.6441179,3,4.516743,0,0,1,84.68375,-1575.585,3084.54
25.27796,0.6433725,3,4.102428,0,0,1,84.67712,-1575.553,3084.933
25.22807,0.6425124,3,3.723022,0,0,1,84.67048,-1575.521,3085.329
25.17981,0.6414647,3,3.374474,0,0,1,84.66382,-1575.49,3085.729
25.12126,0.6404257,3,3.060052,0,0,1,84.65723,-1575.46,3086.126
25.06541,0.6394576,3,2.774462,0,0,1,84.6507,-1575.432,3086.523
25.01208,0.6385369,3,2.516222,0,0,1,84.64423,-1575.404,3086.918
24.95953,0.6377499,3,2.280786,0,0,1,84.63778,-1575.378,3087.315
24.90961,0.6370237,3,2.069379,0,0,1,84.63143,-1575.352,3087.708
24.86424,0.636305,3,1.874736,0,0,1,84.62505,-1575.327,3088.105
24.83217,0.6359386,3,1.700199,0,0,1,84.61877,-1575.303,3088.497
24.80152,0.6354234,3,1.538205,0,0,1,84.6124,-1575.28,3088.898
24.77914,0.6351943,3,1.395715,0,0,1,84.60626,-1575.257,3089.287
24.74944,0.6348023,3,1.264251,0,0,1,84.60006,-1575.236,3089.682
24.71473,0.6342137,3,1.146078,0,0,1,84.59396,-1575.215,3090.073
24.67916,0.6336666,3,4.248134,0,0,1,84.5879,-1575.196,3090.464
24.65268,0.6331136,3,7.091696,0,0,1,84.58182,-1575.177,3090.858
24.63498,0.632346,3,9.655074,0,0,1,84.57582,-1575.161,3091.25
24.6265,0.6314198,3,11.97837,0,0,1,84.56988,-1575.146,3091.641
24.61752,0.630192,3,14.06883,0,0,1,84.56403,-1575.132,3092.029
24.60897,0.628849,3,15.99612,0,0,1,84.55814,-1575.121,3092.422
24.59776,0.6274279,3,17.7249,0,0,1,84.55236,-1575.111,3092.811
24.57548,0.6258544,3,19.29439,0,0,1,84.54662,-1575.103,3093.2
24.54631,0.6242076,3,20.72839,0,0,1,84.54089,-1575.096,3093.592
24.51401,0.6225393,3,22.02542,0,0,1,84.53522,-1575.09,3093.983
24.48598,0.6207358,3,23.16406,0,0,1,84.52978,-1575.086,3094.361
24.46402,0.6192411,3,24.21758,0,0,1,84.52428,-1575.084,3094.746
24.44037,0.6178329,3,25.16229,0,0,1,84.51889,-1575.083,3095.127
24.41472,0.6164733,3,26.02733,0,0,1,84.5135,-1575.085,3095.51
24.39379,0.6151853,3,23.54781,0,0,1,84.50815,-1575.088,3095.895
24.36562,0.6146885,3,21.30044,0,0,1,84.50285,-1575.092,3096.279
24.3386,0.6141841,3,19.2594,0,0,1,84.49758,-1575.099,3096.664
24.32195,0.6137353,3,17.43855,0,0,1,84.49245,-1575.108,3097.043
24.29873,0.6127511,3,15.70062,0,0,1,84.4871,-1575.119,3097.441
24.27023,0.6120665,3,14.19049,0,0,1,84.482,-1575.132,3097.824
24.23181,0.6113434,3,12.83117,0,0,1,84.47699,-1575.147,3098.204
24.2018,0.6107556,3,11.59636,0,0,1,84.47202,-1575.164,3098.585
24.17115,0.6101495,3,10.48275,0,0,1,84.46712,-1575.184,3098.964
24.13024,0.6094707,3,9.475644,0,0,1,84.46229,-1575.205,3099.342
24.10059,0.6089194,3,8.562592,0,0,1,84.45749,-1575.228,3099.721
24.0481,0.6080543,3,11.03191,0,0,1,84.45277,-1575.254,3100.096
24.01816,0.6073283,3,13.25923,0,0,1,84.44814,-1575.282,3100.469
23.97376,0.6061386,3,15.27856,0,0,1,84.44354,-1575.313,3100.843
23.93445,0.5898309,3,17.15622,0,0,0.1,84.43888,-1575.348,3101.225
23.89762,0.5737671,2,18.82524,0,0,0.1320634,84.43436,-1575.386,3101.6
23.85852,0.5578404,2,20.32071,0,0,0.1638532,84.42992,-1575.427,3101.971
23.81978,0.5418338,2,21.68004,0,0,0.1958026,84.42553,-1575.471,3102.344
23.78085,0.525511,2,22.93292,0,0,0.228383,84.4211,-1575.519,3102.722
23.74111,0.5095492,2,24.03779,0,0,0.2602428,84.41684,-1575.569,3103.091
23.70011,0.4934845,2,25.04291,0,0,0.292308,84.41261,-1575.623,3103.461
23.66762,0.477498,2,25.94624,0,0,0.3242172,84.40845,-1575.679,3103.828
23.6367,0.46164,2,23.43158,0,0,0.35587,84.4044,-1575.738,3104.191
23.60528,0.4455348,2,21.12244,0,0,0.388016,84.40034,-1575.801,3104.558
23.57115,0.4295421,2,19.05283,0,0,0.4199376,84.39637,-1575.867,3104.921
23.53577,0.4135147,2,17.17967,0,0,0.4519284,84.39246,-1575.936,3105.284
23.49726,0.4000101,2,15.49668,0,0,0.4837662,84.38862,-1576.007,3105.644
23.45814,0.4160805,2,13.96535,0,0,0.5158429,84.38481,-1576.082,3106.006
23.40828,0.4321017,2,12.58798,0,0,0.5478213,84.38108,-1576.159,3106.365
23.35499,0.4480128,2,11.35362,0,0,0.5795801,84.37743,-1576.239,3106.72
23.30531,0.4640065,2,10.23332,0,0,0.6115035,84.37381,-1576.321,3107.076
23.24267,0.4799789,2,9.223823,0,0,0.6433847,84.37025,-1576.405,3107.43
23.18367,0.4960584,2,8.306861,0,0,0.6754795,84.36673,-1576.492,3107.786
23.12389,0.5120375,2,7.485372,0,0,0.7073739,84.36327,-1576.58,3108.138
23.06241,0.5280213,2,6.744167,0,0,0.7392777,84.35987,-1576.67,3108.49
23.00057,0.544008,2,6.075593,0,0,0.7711872,84.35652,-1576.762,3108.84
22.93088,0.5599274,2,5.47527,0,0,0.8029624,84.35323,-1576.855,3109.188
22.86256,0.5760584,2,4.926569,0,0,0.83516,84.34994,-1576.951,3109.54
22.79605,0.5919608,2,4.439407,0,0,0.8669014,84.34674,-1577.047,3109.885
22.73021,0.6080902,2,3.99377,0,0,0.8990956,84.34354,-1577.145,3110.235
22.66556,0.6239796,2,3.598479,0,0,0.930811,84.34043,-1577.244,3110.578
22.60543,0.6403716,2,3.230734,0,0,0.9635296,84.33727,-1577.346,3110.932
22.54941,0.6563143,2,2.909343,0,0,0.9953514,84.33424,-1577.447,3111.275
22.4962,0.6725023,2,2.615226,0,0,1,84.33121,-1577.55,3111.622
22.44892,0.688723,2,2.350091,0,0,1,84.32822,-1577.654,3111.969
22.39972,0.704392,2,2.119754,0,0,1,84.32536,-1577.756,3112.304
22.34824,0.7202381,2,1.90948,0,0,1,84.3225,-1577.859,3112.642
22.29924,0.7361515,2,1.719112,0,0,1,84.31968,-1577.963,3112.981
22.25108,0.7521718,2,1.546438,0,0,1,84.31687,-1578.068,3113.321
22.20448,0.7683894,2,1.389074,0,0,1,84.31406,-1578.176,3113.665
22.17443,0.7843787,2,1.249605,0,0,1,84.31134,-1578.282,3114.003
22.15019,0.7951375,2,1.124209,0,0,1,84.30865,-1578.389,3114.34
22.12428,0.794094,2,1.005131,0,0,1,84.30585,-1578.502,3114.696
22.08338,0.7926981,2,0.905766,0,0,1,84.30328,-1578.608,3115.026
22.07095,0.7923641,2,0.8154438,0,0,1,84.30071,-1578.714,3115.359
22.04609,0.7916551,2,0.732708,0,0,1,84.29814,-1578.823,3115.696
22.02174,0.7909901,2,0.6586155,0,0,1,84.29562,-1578.932,3116.032
21.99388,0.790319,2,0.5921335,0,0,1,84.29315,-1579.04,3116.366
21.96852,0.7896925,2,0.532385,0,0,1,84.29072,-1579.149,3116.7
21.94367,0.7890453,2,0.4789697,0,0,1,84.28833,-1579.257,3117.031
21.92548,0.7883523,2,0.4308814,0,0,1,84.28598,-1579.365,3117.362
21.91009,0.78771,2,0.3876847,0,0,1,84.28367,-1579.472,3117.691
21.89219,0.7870899,2,0.3487632,0,0,1,84.28139,-1579.58,3118.02
21.87296,0.7864416,2,0.3130606,0,0,1,84.27911,-1579.69,3118.355
21.85222,0.7857777,2,3.71384,0,0,1,84.27692,-1579.797,3118.682
21.82193,0.7848029,2,6.806283,0,0,1,84.27475,-1579.906,3119.011
21.7828,0.7835246,2,9.575622,0,0,1,84.27262,-1580.016,3119.337
21.77761,0.7820372,2,12.14501,0,0,1,84.27048,-1580.13,3119.673
21.78779,0.7804957,2,14.39207,0,0,1,84.26843,-1580.243,3119.999
21.78809,0.7786291,2,16.42346,0,0,1,84.26643,-1580.358,3120.326
21.7951,0.7769983,2,18.2252,0,0,1,84.2645,-1580.473,3120.647
21.80807,0.7754452,2,19.88457,0,0,1,84.26257,-1580.591,3120.975
21.80759,0.7736816,2,21.35264,0,0,1,84.26073,-1580.71,3121.297
21.80854,0.7719484,2,22.66428,0,0,1,84.25894,-1580.83,3121.615
21.80649,0.7702395,2,23.8633,0,0,1,84.25718,-1580.953,3121.937
21.8027,0.7685441,2,21.41932,0,0,1,84.25547,-1581.078,3122.255
21.783,0.7677428,2,19.21825,0,0,1,84.25381,-1581.204,3122.573
21.77514,0.7670579,2,17.24137,0,0,1,84.25221,-1581.333,3122.889
21.75996,0.7660453,2,15.47173,0,0,1,84.25066,-1581.463,3123.203
21.74027,0.7649138,2,13.88431,0,0,1,84.24917,-1581.594,3123.516
21.71513,0.7637215,2,12.45323,0,0,1,84.2477,-1581.728,3123.828
21.68119,0.762436,2,11.16506,0,0,1,84.24628,-1581.864,3124.139
21.64276,0.761182,2,10.02354,0,0,1,84.24493,-1581.999,3124.446
21.59936,0.7599441,2,8.999536,0,0,1,84.24363,-1582.135,3124.751
21.55183,0.7587169,2,8.078334,0,0,1,84.24237,-1582.274,3125.055
21.50074,0.7575108,2,7.246231,0,0,1,84.24114,-1582.414,3125.359
21.44635,0.7563052,2,6.504182,0,0,1,84.23997,-1582.554,3125.661
21.38941,0.7551123,2,5.834645,0,0,1,84.23884,-1582.697,3125.962
21.33186,0.7539863,2,5.232207,0,0,1,84.23775,-1582.841,3126.263
21.2779,0.7529058,2,4.693495,0,0,1,84.23669,-1582.986,3126.562
21.21409,0.7516825,2,4.207956,0,0,1,84.23568,-1583.132,3126.861
21.156,0.750676,2,3.77096,0,0,1,84.2347,-1583.28,3127.16
21.09795,0.7496532,2,3.379677,0,0,1,84.23376,-1583.429,3127.457
21.04053,0.7486342,2,3.028428,0,0,1,84.23286,-1583.579,3127.754
20.98437,0.7476191,2,2.71217,0,0,1,84.232,-1583.73,3128.05
20.93009,0.7466479,2,2.428885,0,0,1,84.23118,-1583.883,3128.346
20.88355,0.745855,2,2.176063,0,0,1,84.23038,-1584.035,3128.639
20.83782,0.7450392,2,1.949174,0,0,1,84.22963,-1584.188,3128.932
20.79287,0.744187,2,1.745597,0,0,1,84.22891,-1584.342,3129.224
20.74876,0.7433216,2,1.562801,0,0,1,84.22823,-1584.497,3129.516
20.70613,0.7424354,2,1.399469,0,0,1,84.22758,-1584.652,3129.806
20.66296,0.74152,2,1.252627,0,0,1,84.22697,-1584.808,3130.096
20.62575,0.7406955,2,1.121624,0,0,1,84.2264,-1584.964,3130.385
20.58543,0.739695,2,1.004123,0,0,1,84.22586,-1585.12,3130.673
20.54705,0.7386916,2,0.8981711,0,0,1,84.22535,-1585.277,3130.963
20.50524,0.7375028,2,0.8043106,0,0,1,84.22488,-1585.434,3131.248
20.47436,0.7363299,2,0.719393,0,0,1,84.22444,-1585.591,3131.536
20.44888,0.7352085,2,0.6437165,0,0,1,84.22404,-1585.749,3131.822
20.4225,0.7341115,2,0.5757598,0,0,1,84.22366,-1585.906,3132.108
20.39482,0.7329407,2,0.5153618,0,0,1,84.22333,-1586.063,3132.391
20.36676,0.7318906,2,0.4612993,0,0,1,84.22303,-1586.22,3132.674
20.33765,0.7308186,2,0.412685,0,0,1,84.22277,-1586.377,3132.958
20.30848,0.7297612,2,0.368806,0,0,1,84.22253,-1586.536,3133.243
20.27897,0.7287111,2,0.3303506,0,0,1,84.22234,-1586.691,3133.522
20.24945,0.7276325,2,0.2952985,0,0,1,84.22217,-1586.849,3133.805
20.2189,0.7265452,2,0.2640811,0,0,1,84.22204,-1587.005,3134.087
20.18763,0.7254605,2,0.2360263,0,0,1,84.22195,-1587.163,3134.369
20.15495,0.7243497,2,0.208926,0,0,1,84.22189,-1587.333,3134.674
20.10491,0.722674,2,0.1844009,0,0,1,84.22186,-1587.506,3134.985
20.06879,0.7214709,2,0.1636498,0,0,1,84.22189,-1587.672,3135.282
20.03453,0.7203797,2,4.328198,0,0,1,84.22195,-1587.852,3135.603
19.99229,0.7191344,2,7.922272,0,0,1,84.22206,-1588.029,3135.917
19.979,0.7174506,2,11.21017,0,0,1,84.22223,-1588.214,3136.242
19.98059,0.7156119,2,13.94152,0,0,1,84.22244,-1588.391,3136.548
19.98802,0.7137594,2,12.2373,0,0,1,84.22272,-1588.575,3136.863
19.99513,0.7128838,2,10.71217,0,0,1,84.22308,-1588.763,3137.182
19.99605,0.7119399,2,9.411803,0,0,1,84.22346,-1588.947,3137.492
19.99125,0.7109672,2,8.245762,0,0,1,84.22391,-1589.135,3137.806
19.97485,0.7098431,2,7.248652,0,0,1,84.22438,-1589.319,3138.112
19.94623,0.7086428,2,6.351209,0,0,1,84.22491,-1589.508,3138.423
19.922,0.7076689,2,5.485639,0,0,1,84.22556,-1589.717,3138.765
19.89474,0.7066848,2,4.818347,0,0,1,84.22617,-1589.903,3139.068
19.85719,0.7055355,2,4.20172,0,0,1,84.22688,-1590.1,3139.386
19.80802,0.7040641,2,3.660787,0,0,1,84.22764,-1590.298,3139.704
19.76422,0.7028889,2,3.205603,0,0,1,84.22842,-1590.489,3140.01
19.7175,0.7017324,2,2.779729,0,0,1,84.2293,-1590.694,3140.336
19.66452,0.700286,2,2.440618,0,0,1,84.23016,-1590.883,3140.634
19.61623,0.6992198,2,2.104813,0,0,1,84.23118,-1591.096,3140.969
19.56069,0.6978675,2,1.83365,0,0,1,84.23219,-1591.296,3141.281
19.50986,0.6967237,2,1.604181,0,0,1,84.23321,-1591.49,3141.583
19.459,0.6955359,2,1.390048,0,0,1,84.23434,-1591.698,3141.903
19.40821,0.6943359,2,1.221711,0,0,1,84.23543,-1591.886,3142.193
19.36686,0.6932718,2,5.28231,0,0,1,84.23656,-1592.078,3142.485
19.32987,0.6920791,2,8.829559,0,0,1,84.23772,-1592.27,3142.774
19.31154,0.6906977,2,12.30917,0,0,1,84.23908,-1592.487,3143.094
19.30386,0.6889501,2,15.02863,0,0,1,84.24037,-1592.685,3143.382
19.30102,0.687091,2,17.45996,0,0,1,84.24173,-1592.888,3143.673
19.29815,0.6851766,2,19.61643,0,0,1,84.24317,-1593.096,3143.965
19.29283,0.6831656,2,21.42772,0,0,1,84.24462,-1593.297,3144.244
19.28433,0.6811619,2,18.7109,0,0,1,84.24617,-1593.506,3144.529
19.27278,0.6805603,2,16.39888,0,0,1,84.24774,-1593.711,3144.803
19.25485,0.6794873,2,14.36874,0,0,1,84.24937,-1593.918,3145.076
19.23088,0.6782613,2,12.51935,0,0,1,84.25112,-1594.134,3145.357
19.19927,0.6769164,2,10.96277,0,0,1,84.25287,-1594.344,3145.627
19.16145,0.6755439,2,9.661119,0,0,1,84.25458,-1594.545,3145.883
19.12027,0.6742217,2,8.437778,0,0,1,84.25645,-1594.761,3146.153
19.0781,0.6729074,2,7.456406,0,0,1,84.25821,-1594.96,3146.4
19.02777,0.6715098,2,6.533582,0,0,1,84.26013,-1595.173,3146.661
18.97578,0.6701595,2,5.765495,0,0,1,84.262,-1595.375,3146.907
18.92242,0.6688423,2,5.046983,0,0,1,84.26402,-1595.59,3147.167
18.86701,0.6675329,2,4.445013,0,0,1,84.26599,-1595.797,3147.414
18.81036,0.6662353,2,3.914675,0,0,1,84.26801,-1596.004,3147.659
18.75355,0.6649469,2,3.437607,0,0,1,84.2701,-1596.216,3147.908
18.69644,0.6636686,2,3.024537,0,0,1,84.27221,-1596.426,3148.152
18.63697,0.6623706,2,2.679844,0,0,1,84.27425,-1596.625,3148.382
18.60863,0.6618119,2,2.363254,0,0,1,84.27639,-1596.832,3148.62
18.53366,0.6602963,2,2.078683,0,0,1,84.27861,-1597.043,3148.861
18.48595,0.6593046,2,1.835732,0,0,1,84.2808,-1597.248,3149.093
18.44178,0.6583942,2,1.633182,0,0,1,84.2829,-1597.442,3149.312
18.42113,0.657978,2,1.438923,0,0,1,84.28519,-1597.651,3149.546
18.36323,0.656784,2,1.278358,0,0,1,84.28738,-1597.847,3149.765
18.34379,0.6563737,2,1.134864,0,0,1,84.2896,-1598.045,3149.984
18.30643,0.6555501,2,1.00951,0,0,1,84.29182,-1598.239,3150.199
18.26897,0.6545948,2,0.8968316,0,0,1,84.29409,-1598.435,3150.415
18.22911,0.6535512,2,0.7888542,0,0,1,84.29657,-1598.647,3150.648
18.16808,0.6518742,2,0.7019024,0,0,1,84.29887,-1598.841,3150.86
18.1474,0.6513327,2,0.6245184,0,0,1,84.30119,-1599.035,3151.072
18.11067,0.6502555,2,0.555089,0,0,1,84.30356,-1599.23,3151.284
18.0782,0.6496181,2,0.4939948,0,0,1,84.30593,-1599.423,3151.494
18.04115,0.6484736,2,0.4391738,0,0,1,84.30835,-1599.617,3151.705
18.00343,0.6471419,2,0.3903435,0,0,1,84.3108,-1599.812,3151.916
17.96863,0.6458994,2,0.3460546,0,0,1,84.31332,-1600.01,3152.13
17.93913,0.6445799,2,0.3075473,0,0,1,84.31583,-1600.205,3152.34
17.91321,0.6435136,2,0.2725081,0,0,1,84.31841,-1600.403,3152.554
17.88977,0.642602,2,0.2425206,0,0,1,84.32092,-1600.595,3152.76
17.86534,0.6415823,2,0.2155561,0,0,1,84.32349,-1600.789,3152.969
17.84119,0.640287,2,0.19106,0,0,1,84.32613,-1600.986,3153.181
17.80511,0.6392331,2,0.1696729,0,0,1,84.32876,-1601.18,3153.389
17.77085,0.6381133,2,0.1507781,0,0,1,84.33139,-1601.373,3153.596
17.73768,0.636901,2,0.1337892,0,0,1,84.33408,-1601.568,3153.806
17.72842,0.6364014,2,0.1187267,0,0,1,84.33678,-1601.763,3154.014
17.74906,0.6376107,2,0.1054531,0,0,1,84.33949,-1601.956,3154.221
17.77822,0.6389056,2,0.09356814,0,0,1,84.34224,-1602.15,3154.429
17.80971,0.6403071,2,0.08317319,0,0,1,84.34498,-1602.341,3154.635
17.84045,0.6413383,2,0.07377489,0,0,1,84.34779,-1602.535,3154.843
17.87155,0.6421058,2,0.06544768,0,0,1,84.35061,-1602.728,3155.051
17.89954,0.6430399,2,0.05811228,0,0,1,84.35343,-1602.919,3155.257
17.92002,0.6434586,2,0.05157281,0,0,1,84.3563,-1603.111,3155.464
17.93506,0.6425969,2,0.04579257,0,0,1,84.35919,-1603.301,3155.669
17.8706,0.6404523,2,0.04069053,0,0,1,84.3621,-1603.49,3155.873
17.79261,0.6379914,2,0.03603196,0,0,1,84.36513,-1603.683,3156.081
17.73087,0.6348166,2,0.03195991,0,0,1,84.36816,-1603.872,3156.287
17.65388,0.6312178,2,0.02834981,0,0,1,84.37122,-1604.061,3156.492
17.57379,0.6284224,2,0.02516085,0,0,1,84.37431,-1604.249,3156.697
17.49889,0.6244259,2,0.02228811,0,0,1,84.37746,-1604.438,3156.904
17.42545,0.621916,2,0.01977133,0,0,1,84.38061,-1604.624,3157.109
17.36188,0.6165039,2,0.01751498,0,0,1,84.38381,-1604.812,3157.315
17.30054,0.6168053,2,0.01554295,0,0,1,84.38701,-1604.996,3157.519
17.22359,0.616134,2,0.01377512,0,0,1,84.39027,-1605.181,3157.725
17.18769,0.6151606,2,0.01221418,0,0,1,84.39353,-1605.365,3157.93
17.17276,0.6142395,2,0.01082972,0,0,1,84.39683,-1605.548,3158.134
17.16716,0.6127938,2,0.009613254,0,0,1,84.40012,-1605.729,3158.337
17.17114,0.6136609,2,0.008513196,0,0,1,84.40352,-1605.912,3158.543
17.17495,0.6135886,2,0.007545438,0,0,1,84.40691,-1606.093,3158.748
17.18057,0.6133323,2,0.006689745,0,0,1,84.41033,-1606.274,3158.952
17.18626,0.6131508,2,0.005925362,0,0,1,84.4138,-1606.454,3159.157
17.1894,0.6140637,2,0.005253325,0,0,1,84.41728,-1606.633,3159.361
17.17456,0.6139408,2,0.004651838,0,0,1,84.42082,-1606.813,3159.566
17.14349,0.6135314,2,0.004121292,0,0,1,84.42439,-1606.992,3159.77
17.08472,0.6125925,2,0.003650641,0,0,1,84.42799,-1607.17,3159.974
17.05194,0.6115898,2,0.003232582,0,0,1,84.43163,-1607.348,3160.178
17.02546,0.6104242,2,0.002862175,0,0,1,84.4353,-1607.525,3160.381
16.98542,0.6088824,2,0.002536696,0,0,1,84.43898,-1607.701,3160.583
16.9405,0.6072052,2,0.002248522,0,0,1,84.44269,-1607.876,3160.784
16.8932,0.6054917,2,0.001992248,0,0,1,84.44644,-1608.051,3160.985
16.84433,0.6037765,2,0.001764295,0,0,1,84.45024,-1608.226,3161.186
16.79545,0.6021066,2,0.001555403,0,0,1,84.45421,-1608.407,3161.394
16.74804,0.6005263,2,0.001376312,0,0,1,84.4581,-1608.582,3161.595
16.70094,0.5989388,2,0.001217638,0,0,1,84.46203,-1608.757,3161.796
16.64054,0.5972732,2,0.001077791,0,0,1,84.46597,-1608.931,3161.995
16.6127,0.596048,2,0.0009530956,0,0,1,84.46996,-1609.106,3162.196
16.58083,0.5947451,2,0.0008443748,0,0,1,84.47393,-1609.278,3162.393
16.54285,0.5932719,2,0.0007456708,0,0,1,84.47803,-1609.455,3162.594
16.50209,0.5917901,2,0.0006600258,0,0,1,84.48208,-1609.627,3162.792
16.4631,0.5904098,2,0.000583626,0,0,1,84.48619,-1609.801,3162.99
16.42587,0.5892767,2,0.0005137898,0,0,1,84.49047,-1609.98,3163.195
16.39066,0.5882229,2,0.0004544168,0,0,1,84.49463,-1610.153,3163.393
16.35646,0.5872026,2,0.0004017118,0,0,1,84.49883,-1610.325,3163.59
16.32596,0.5862913,2,0.0003551871,0,0,1,84.50305,-1610.498,3163.787
16.29817,0.5854297,2,0.0003139434,0,0,1,84.50731,-1610.67,3163.984
16.27228,0.5844341,2,0.0002775234,0,0,1,84.51159,-1610.841,3164.18
16.24069,0.5832259,2,0.0002443106,0,0,1,84.51603,-1611.017,3164.383
16.2219,0.5821386,2,0.0002161215,0,0,1,84.52033,-1611.187,3164.577
16.21122,0.5821677,2,0.0001907554,0,0,1,84.52473,-1611.359,3164.775
16.19697,0.581704,2,0.0001687931,0,0,1,84.52908,-1611.527,3164.969
16.18314,0.5812665,2,0.0001487858,0,0,1,84.53357,-1611.699,3165.168
16.16888,0.5808131,2,0.000131666,0,0,1,84.53795,-1611.866,3165.361
16.14942,0.5799847,2,0.0001161339,0,0,1,84.54247,-1612.038,3165.558
16.12978,0.5795594,2,0.0001026325,0,0,1,84.54694,-1612.206,3165.752
16.11884,0.5794302,2,8.736429E-05,0,0,1,84.5527,-1612.421,3166
16.1009,0.5791309,2,8.000979E-05,0,0,1,84.55598,-1612.542,3166.139
16.09719,0.5789589,2,7.061833E-05,0,0,1,84.56056,-1612.711,3166.334
16.09176,0.578631,2,6.241247E-05,0,0,1,84.56512,-1612.878,3166.526
16.08108,0.5778795,2,5.51702E-05,0,0,1,84.56971,-1613.044,3166.717
16.0822,0.5775791,2,4.858679E-05,0,0,1,84.57445,-1613.214,3166.914
16.08019,0.577674,2,4.305673E-05,0,0,1,84.57899,-1613.376,3167.101
16.07049,0.577329,2,3.805287E-05,0,0,1,84.58365,-1613.541,3167.292
16.06158,0.5768869,2,3.358558E-05,0,0,1,84.58839,-1613.707,3167.484
16.05027,0.5763894,2,2.937599E-05,0,0,1,84.59348,-1613.885,3167.688
16.00026,0.5750856,2,2.616834E-05,0,0,1,84.59794,-1614.039,3167.865
15.97927,0.5744411,2,2.308403E-05,0,0,1,84.60279,-1614.205,3168.056
15.94256,0.5732721,2,2.038325E-05,0,0,1,84.60764,-1614.369,3168.245
15.90318,0.5718477,2,1.794283E-05,0,0,1,84.61263,-1614.537,3168.438
15.86221,0.569662,2,1.588347E-05,0,0,1,84.61744,-1614.697,3168.622
15.82995,0.568201,2,1.399785E-05,0,0,1,84.62245,-1614.863,3168.812
15.77733,0.5659584,2,1.23441E-05,0,0,1,84.62747,-1615.027,3169
15.7164,0.5630471,2,1.08002E-05,0,0,1,84.63282,-1615.2,3169.198
15.60758,0.5576275,2,9.617745E-06,0,0,1,84.63753,-1615.352,3169.372
15.57015,0.5571213,2,8.469324E-06,0,0,1,84.64269,-1615.516,3169.56
15.50716,0.5546387,2,7.463984E-06,0,0,1,84.64786,-1615.679,3169.747
15.43745,0.5522304,2,6.590288E-06,0,0,1,84.65298,-1615.84,3169.931
15.37191,0.5502584,2,5.798513E-06,0,0,1,84.65828,-1616.004,3170.119
15.3096,0.5483897,2,5.115607E-06,0,0,1,84.6635,-1616.164,3170.303
15.25153,0.5466388,2,4.504117E-06,0,0,1,84.66882,-1616.326,3170.489
15.20087,0.5451003,2,3.969078E-06,0,0,1,84.67413,-1616.487,3170.673
15.15774,0.5432853,2,3.497498E-06,0,0,1,84.67948,-1616.647,3170.857
15.07683,0.5415354,2,3.08485E-06,0,0,1,84.68481,-1616.806,3171.04
15.02822,0.5403792,2,2.714868E-06,0,0,1,84.69027,-1616.967,3171.225
15.00498,0.5395809,2,2.391118E-06,0,0,1,84.69572,-1617.126,3171.408
15.00172,0.5389524,2,2.109585E-06,0,0,1,84.70113,-1617.284,3171.588
15.01273,0.5386861,2,1.858193E-06,0,0,1,84.70663,-1617.442,3171.771
15.02606,0.5388887,2,1.636488E-06,0,0,1,84.71216,-1617.601,3171.953
15.03815,0.5393422,2,1.441055E-06,0,0,1,84.71771,-1617.759,3172.135
15.04678,0.5397805,2,1.268804E-06,0,0,1,84.72329,-1617.917,3172.316
15.05382,0.540244,2,1.117505E-06,0,0,1,84.72888,-1618.075,3172.497
15.0524,0.5404412,2,9.839432E-07,0,0,1,84.7345,-1618.232,3172.677
15.04229,0.5403332,2,8.660318E-07,0,0,1,84.74015,-1618.39,3172.858
15.02367,0.5398312,2,7.623668E-07,0,0,1,84.74583,-1618.547,3173.038
15.00137,0.539169,2,6.710802E-07,0,0,1,84.75154,-1618.703,3173.217
14.97524,0.5383121,2,-4.110326,0,0,1,84.75729,-1618.859,3173.396
14.93665,0.5371268,2,-7.727698,0,0,1,84.76305,-1619.014,3173.576
14.90837,0.5355818,2,-10.91679,0,0,1,84.76886,-1619.167,3173.756
14.90652,0.5336671,2,-13.72875,0,0,1,84.77472,-1619.32,3173.937
14.89965,0.5314416,2,-16.20659,0,0,1,84.78062,-1619.471,3174.118
14.8875,0.5290847,2,-18.38022,0,0,1,84.78655,-1619.619,3174.299
14.87333,0.5266966,2,-20.30476,0,0,1,84.79255,-1619.767,3174.481
14.85882,0.5243452,2,-21.98815,0,0,1,84.79856,-1619.913,3174.662
14.84433,0.5220903,2,-23.47961,0,0,1,84.80465,-1620.058,3174.845
14.82869,0.5199158,2,-24.78293,0,0,1,84.81074,-1620.2,3175.028
14.81179,0.5178094,2,-25.93368,0,0,1,84.81689,-1620.341,3175.211
14.79346,0.5157825,2,-26.94967,0,0,1,84.8231,-1620.48,3175.396
14.7752,0.5138748,2,-27.84243,0,0,1,84.82937,-1620.618,3175.581
14.75747,0.5120993,2,-28.62287,0,0,1,84.83563,-1620.752,3175.765
14.73855,0.5103346,2,-29.30985,0,0,1,84.84195,-1620.885,3175.95
14.71639,0.5085499,2,-29.91707,0,0,1,84.84834,-1621.017,3176.136
14.69705,0.5070122,2,-30.44951,0,0,1,84.85475,-1621.146,3176.323
14.6779,0.5054519,2,-30.91909,0,0,1,84.86123,-1621.273,3176.51
14.65897,0.5039428,2,-31.33179,0,0,1,84.86775,-1621.398,3176.699
14.63851,0.5024288,2,-31.69267,0,0,1,84.87429,-1621.52,3176.887
14.61634,0.5009061,2,-32.01142,0,0,1,84.88091,-1621.64,3177.076
14.59252,0.4993958,2,-32.29084,0,0,1,84.88757,-1621.758,3177.266
14.56649,0.4978453,2,-32.53609,0,0,1,84.89426,-1621.872,3177.456
14.53866,0.4962836,2,-32.75289,0,0,1,84.90105,-1621.985,3177.647
14.50816,0.494668,2,-32.94223,0,0,1,84.90784,-1622.095,3177.839
14.47239,0.4929213,2,-33.10862,0,0,1,84.9147,-1622.202,3178.031
14.43475,0.491149,2,-33.2553,0,0,1,84.92163,-1622.307,3178.224
14.39581,0.4893736,2,-29.16048,0,0,1,84.9286,-1622.409,3178.417
14.35416,0.4894865,2,-25.60137,0,0,1,84.93556,-1622.507,3178.61
14.31401,0.4891038,2,-22.47383,0,0,1,84.94257,-1622.603,3178.803
14.27508,0.4883386,2,-19.65879,0,0,1,84.94979,-1622.698,3179.001
14.23119,0.4872835,2,-17.24805,0,0,1,84.9569,-1622.789,3179.195
14.19136,0.4860427,2,-15.13034,0,0,1,84.96405,-1622.877,3179.39
14.14682,0.4847732,2,-13.27496,0,0,1,84.97122,-1622.964,3179.584
14.09199,0.4834759,2,-11.62763,0,0,1,84.97852,-1623.05,3179.781
14.03018,0.4821666,2,-14.51069,0,0,1,84.98602,-1623.135,3179.983
13.95974,0.4805043,2,-16.96431,0,0,1,84.99336,-1623.216,3180.18
13.90376,0.4786566,2,-19.097,0,0,1,85.00069,-1623.293,3180.376
13.85539,0.476724,2,-20.9843,0,0,1,85.00811,-1623.368,3180.574
13.81155,0.4747278,2,-22.64333,0,0,1,85.0156,-1623.44,3180.772
13.7689,0.4726829,2,-24.09278,0,0,1,85.02312,-1623.508,3180.971
13.72772,0.4706334,2,-25.36488,0,0,1,85.03069,-1623.574,3181.169
13.67849,0.4684365,2,-26.47864,0,0,1,85.0383,-1623.637,3181.368
13.64379,0.4665712,2,-27.45463,0,0,1,85.04596,-1623.698,3181.567
13.60594,0.464649,2,-28.31027,0,0,1,85.05368,-1623.755,3181.766
13.56683,0.4627339,2,-29.06075,0,0,1,85.06146,-1623.809,3181.965
13.52652,0.4608187,2,-29.71157,0,0,1,85.06921,-1623.861,3182.162
13.48507,0.4589039,2,-30.28147,0,0,1,85.07701,-1623.909,3182.359
13.44217,0.4569727,2,-30.78116,0,0,1,85.08485,-1623.955,3182.556
13.3986,0.4550585,2,-31.21983,0,0,1,85.09276,-1623.997,3182.753
13.35424,0.4531406,2,-31.60644,0,0,1,85.10076,-1624.038,3182.95
13.3088,0.4512304,2,-31.94323,0,0,1,85.10877,-1624.075,3183.147
13.26276,0.4493392,2,-32.2413,0,0,1,85.11692,-1624.11,3183.345
13.22161,0.4477091,2,-32.49865,0,0,1,85.12502,-1624.141,3183.541
13.17991,0.443846,2,-32.72392,0,0,1,85.13315,-1624.171,3183.736
13.12043,0.441086,2,-32.92208,0,0,1,85.14136,-1624.198,3183.932
13.05712,0.4402812,2,-33.10002,0,0,1,85.14983,-1624.223,3184.132
12.99956,0.4388213,2,-33.25214,0,0,1,85.15818,-1624.245,3184.328
12.94541,0.4371318,2,-33.38641,0,0,1,85.16666,-1624.265,3184.526
12.89238,0.4213585,2,-33.50073,0,1,0.1,85.17498,-1624.282,3184.716
12.65325,0.4053844,1,-33.60233,0,1,0.1318844,85.18357,-1624.297,3184.907
12.41591,0.3895304,1,-33.69063,0,1,0.1635292,85.19228,-1624.312,3185.094
12.17844,0.3736674,1,-33.76804,0,1,0.1951918,85.20116,-1624.324,3185.279
11.94045,0.3577697,1,-33.83596,0,1,0.2269238,85.21023,-1624.335,3185.462
11.69542,0.3414011,1,-33.89716,0,1,0.2595956,85.21975,-1624.345,3185.649
11.45643,0.3254369,1,-33.94914,0,1,0.2914604,85.22921,-1624.354,3185.828
11.21866,0.3095542,1,-33.99432,0,1,0.3231624,85.2388,-1624.361,3186.004
10.97714,0.2934202,1,-34.03443,0,1,0.355366,85.24872,-1624.367,3186.18
10.73818,0.2774576,1,-34.06901,0,1,0.3872274,85.25871,-1624.373,3186.353
10.50114,0.278863,1,-34.09892,0,1,0.4188324,85.26877,-1624.378,3186.522
10.26387,0.2947129,1,-34.12505,0,1,0.4504688,85.27896,-1624.382,3186.69
10.0204,0.3109761,1,-34.14844,0,1,0.4829304,85.28958,-1624.386,3186.86
9.78078,0.3269831,1,-34.16843,0,1,0.5148804,85.30019,-1624.39,3187.025
9.541351,0.3429769,1,-34.18583,0,1,0.5468042,85.31093,-1624.393,3187.188
9.301117,0.3590246,1,-34.20101,0,1,0.5788354,85.32187,-1624.396,3187.349
9.062747,0.3749476,1,-34.21411,0,1,0.610618,85.33289,-1624.398,3187.507
8.823454,0.3894445,1,-34.22556,0,1,0.6425238,85.34415,-1624.401,3187.663
8.583862,0.4018943,1,-34.23552,0,1,0.6744694,85.3556,-1624.403,3187.817
8.344552,0.4133434,1,-34.24417,0,1,0.7063773,85.36724,-1624.405,3187.968
8.104982,0.4239565,1,-34.25169,0,1,0.7383199,85.3791,-1624.407,3188.116
7.865622,0.4338483,1,-34.25822,0,1,0.7702347,85.39115,-1624.409,3188.262
7.623634,0.4431325,1,-34.26395,0,1,0.8024997,85.40354,-1624.411,3188.406
7.384321,0.4513314,1,-34.26885,0,1,0.8344081,85.416,-1624.412,3188.546
7.149512,0.4586672,1,-34.27303,0,1,0.8657159,85.42844,-1624.414,3188.681
6.907322,0.4424889,1,-34.27676,0,0,0.1,85.44146,-1624.413,3188.819
7.145514,0.4265778,1,-34.27993,0,0,0.1317588,85.45432,-1624.409,3188.954
7.384759,0.4105962,1,-34.28269,0,0,0.1636582,85.46725,-1624.403,3189.088
7.624837,0.394559,1,-34.28507,0,0,0.1956686,85.48028,-1624.394,3189.222
7.863803,0.378596,1,-34.28712,0,0,0.2275308,85.49329,-1624.383,3189.354
8.101358,0.3627274,1,-34.28888,0,0,0.2592048,85.50625,-1624.369,3189.484
8.338264,0.3469021,1,-34.2904,0,0,0.2907922,85.51923,-1624.352,3189.612
8.576221,0.3310066,1,-34.29171,0,0,0.3225198,85.53229,-1624.333,3189.74
8.695538,0.3151366,1,-34.29285,0,0,0.3541964,85.54537,-1624.312,3189.866
8.639848,0.2992603,1,-34.29383,0,0,0.3858856,85.5585,-1624.288,3189.991
8.581457,0.2834067,1,-34.29468,0,0,0.4175294,85.57165,-1624.262,3190.115
8.535314,0.267563,1,-34.2954,0,0,0.4491536,85.58482,-1624.233,3190.236
8.463582,0.2516848,1,-34.29604,0,0,0.4808466,85.59805,-1624.202,3190.357
8.388042,0.2427753,1,-34.29659,0,0,0.4855506,85.6114,-1624.168,3190.478
8.310712,0.2430274,1,-34.29706,0,0,0.4860549,85.6247,-1624.133,3190.596
8.235645,0.2416466,1,-34.29747,0,0,0.4832932,85.63826,-1624.094,3190.714
8.16604,0.2384244,1,-34.29782,0,0,0.4768489,85.6517,-1624.055,3190.83
8.101456,0.2335603,1,-34.29813,0,0,0.4671207,85.6653,-1624.014,3190.946
8.051167,0.2277973,1,-34.29839,0,0,0.4555945,85.67873,-1623.971,3191.059
7.99513,0.2212597,1,-34.29861,0,0,0.4425195,85.69237,-1623.926,3191.171
7.945436,0.2138512,1,-34.2988,0,0,0.4277024,85.70589,-1623.88,3191.281
7.899261,0.2059679,1,-34.29897,0,0,0.4119359,85.71948,-1623.833,3191.391
7.856759,0.2,1,-34.29911,0,0,0.4,85.73306,-1623.785,3191.498
7.81714,0.2,1,-34.29924,0,0,0.4,85.74664,-1623.735,3191.604
7.779853,0.2,1,-34.29934,0,0,0.4,85.76031,-1623.684,3191.708
7.744633,0.2,1,-34.29943,0,0,0.4,85.77403,-1623.632,3191.812
7.707344,0.2,1,-34.29951,0,0,0.4,85.78772,-1623.579,3191.913
7.670636,0.2,1,-34.29958,0,0,0.4,85.80151,-1623.525,3192.014
7.635228,0.2,1,-34.29964,0,0,0.4,85.81532,-1623.469,3192.113
7.60248,0.2,1,-34.29969,0,0,0.4,85.82913,-1623.413,3192.21
7.570341,0.2,1,-34.29973,0,0,0.4,85.84312,-1623.355,3192.307
7.539046,0.2,1,-34.29977,0,0,0.4,85.85718,-1623.295,3192.402
7.504496,0.2,1,-34.2998,0,0,0.4,85.87125,-1623.235,3192.496
7.470592,0.2,1,-34.29983,0,0,0.4,85.88538,-1623.174,3192.588
7.440713,0.2,1,-34.29985,0,0,0.4,85.8994,-1623.112,3192.678
7.412927,0.2,1,-34.29987,0,0,0.4,85.9137,-1623.049,3192.768
7.386065,0.2,1,-34.29989,0,0,0.4,85.92809,-1622.984,3192.857
7.359231,0.2,1,-34.2999,0,0,0.4,85.94231,-1622.919,3192.942
7.341122,0.2,1,-34.29992,0,0,0.4,85.95646,-1622.854,3193.025
7.337168,0.2,1,-34.29993,0,0,0.4,85.97134,-1622.784,3193.111
7.330929,0.2,1,-34.29994,0,0,0.4,85.98571,-1622.716,3193.192
7.325099,0.2,1,-34.29995,0,0,0.4,85.99998,-1622.647,3193.27
7.313139,0.2,1,-34.29995,0,0,0.4,86.01434,-1622.578,3193.347
7.298339,0.2,1,-34.29996,0,0,0.4,86.02872,-1622.508,3193.422
7.283931,0.2,1,-34.29997,0,0,0.4,86.04308,-1622.437,3193.495
7.268602,0.2,1,-34.29997,0,0,0.4,86.0575,-1622.365,3193.566
7.252557,0.2,1,-34.29997,0,0,0.4,86.07198,-1622.292,3193.636
7.234306,0.2,1,-34.29998,0,0,0.4,86.08652,-1622.218,3193.704
7.224483,0.2,1,-34.29998,0,0,0.4,86.10105,-1622.144,3193.77
7.212327,0.2,1,-34.29998,0,0,0.4,86.11557,-1622.069,3193.833
7.197534,0.2,1,-34.29998,0,0,0.4,86.13087,-1621.99,3193.898
7.181198,0.2,1,-34.29999,0,0,0.4,86.14548,-1621.914,3193.959
7.161273,0.2,1,-34.29999,0,0,0.4,86.1607,-1621.834,3194.019
7.140604,0.2,1,-34.29999,0,0,0.4,86.17542,-1621.757,3194.076
7.11792,0.2,1,-34.29999,0,0,0.4,86.19022,-1621.678,3194.131
7.099673,0.2,1,-34.29999,0,0,0.4,86.20501,-1621.6,3194.184
7.080628,0.2,1,-34.29999,0,0,0.4,86.21986,-1621.521,3194.235
7.058332,0.2,1,-34.29999,0,0,0.4,86.23535,-1621.438,3194.286
7.031418,0.2,1,-34.29999,0,0,0.4,86.25021,-1621.358,3194.333
6.998345,0.2,1,-34.29999,0,0,0.4,86.26514,-1621.277,3194.378
6.969124,0.2,1,-34.29999,0,0,0.4,86.28043,-1621.195,3194.423
6.939564,0.2,1,-34.29999,0,0,0.4,86.29543,-1621.114,3194.464
6.909564,0.2,1,-34.29999,0,0,0.4,86.31046,-1621.032,3194.504
6.869139,0.2,1,-34.29999,0,0,0.4,86.32582,-1620.949,3194.543
6.838124,0.2,1,-34.29999,0,0,0.4,86.34088,-1620.867,3194.579
6.803325,0.2,1,-34.29999,0,0,0.4,86.35593,-1620.785,3194.614
6.768094,0.2,1,-34.29999,0,0,0.4,86.37122,-1620.701,3194.647
6.731948,0.2,1,-34.29999,0,0,0.4,86.38647,-1620.618,3194.678
6.6961,0.2,1,-34.29999,0,0,0.4,86.40159,-1620.536,3194.708
6.657566,0.2,1,-34.29999,0,0,0.4,86.41694,-1620.452,3194.736
6.621796,0.2,1,-34.29999,0,0,0.4,86.43211,-1620.369,3194.761
6.572875,0.2,1,-34.29999,0,0,0.4,86.44728,-1620.286,3194.786
6.557661,0.2,1,-34.29999,0,0,0.4,86.46288,-1620.201,3194.809
6.542006,0.2,1,-34.29999,0,0,0.4,86.4782,-1620.118,3194.829
6.520133,0.2,1,-34.29999,0,0,0.4,86.49344,-1620.035,3194.848
6.496593,0.2,1,-34.29999,0,0,0.4,86.50866,-1619.953,3194.865
6.484011,0.2159022,1,-34.29999,1,0,0.431741,86.52397,-1619.868,3194.881
6.501454,0.2317488,1,-34.29999,1,0,0.4633708,86.53912,-1619.783,3194.895
6.606863,0.2476351,1,-34.29999,1,0,0.49508,86.55421,-1619.696,3194.908
6.718343,0.264037,1,-34.29999,1,0,0.5278184,86.56966,-1619.604,3194.921
6.838522,0.2798493,1,-34.29999,1,0,0.5593798,86.5844,-1619.514,3194.931
6.967178,0.2956964,1,-34.29999,1,0,0.5910107,86.59905,-1619.422,3194.941
7.09486,0.3119463,1,-34.29999,1,0,0.6234457,86.61392,-1619.325,3194.949
7.225344,0.3277891,1,-34.29999,1,0,0.6550682,86.62826,-1619.229,3194.956
7.360539,0.3436866,1,-34.29999,1,0,0.6867996,86.64249,-1619.132,3194.961
7.491121,0.3599143,1,-34.29999,1,0,0.7191904,86.65685,-1619.03,3194.966
7.622252,0.375784,1,-34.29999,1,0,0.7508664,86.67074,-1618.928,3194.969
7.762368,0.3917523,1,-34.29999,1,0,0.7827392,86.68455,-1618.825,3194.97
7.90805,0.3754461,1,-34.29999,0,0,0.7508923,86.69849,-1618.719,3194.969
7.955227,0.3597089,1,-34.29999,0,0,0.7194179,86.71196,-1618.618,3194.966
7.87669,0.3438935,1,-34.29999,0,0,0.6877869,86.72552,-1618.517,3194.961
7.819473,0.3279991,1,-34.29999,0,0,0.6559981,86.73918,-1618.416,3194.954
7.769081,0.312052,1,-34.29999,0,0,0.624104,86.75291,-1618.316,3194.944
7.72136,0.2962661,1,-34.29999,0,0,0.5925322,86.76653,-1618.218,3194.933
7.677036,0.2803601,1,-34.29999,0,0,0.5607201,86.78027,-1618.119,3194.92
7.625112,0.2962144,1,-34.29999,1,0,0.5923656,86.79401,-1618.02,3194.905
7.625083,0.3124989,1,-34.29999,1,0,0.6248696,86.80798,-1617.917,3194.887
7.739054,0.3279566,1,-34.29999,1,0,0.6557232,86.82114,-1617.819,3194.868
7.847214,0.3438465,1,-34.29999,1,0,0.6874396,86.83453,-1617.716,3194.846
7.950615,0.3597005,1,-34.29999,1,0,0.7190844,86.84777,-1617.613,3194.823
8.058248,0.376238,1,-34.29999,1,0,0.7520934,86.86145,-1617.505,3194.796
8.172646,0.3919314,1,-34.29999,1,0,0.7834176,86.8743,-1617.401,3194.769
8.295603,0.4079847,1,-34.29999,1,0,0.81546,86.88731,-1617.294,3194.738
8.424403,0.4239943,1,-34.29999,1,0,0.8474154,86.90016,-1617.187,3194.704
8.549605,0.4399151,1,-34.29999,1,0,0.8791934,86.9128,-1617.08,3194.668
8.681752,0.4559661,1,-34.29999,1,0,0.9112312,86.92542,-1616.971,3194.628
8.813359,0.4718354,1,-34.29999,1,0,0.9429066,86.93774,-1616.863,3194.585
8.947948,0.4846255,1,-34.29999,1,0,0.969251,86.94994,-1616.754,3194.54
9.083419,0.478338,1,-34.29999,1,0,0.9566759,86.96236,-1616.641,3194.489
9.222836,0.4916887,1,-34.29999,1,0,0.9833775,86.97418,-1616.532,3194.437
9.367463,0.4932278,1,-34.29999,1,0,0.9864555,86.98589,-1616.422,3194.381
9.506785,0.5005993,1,-34.29999,1,0,1,86.99743,-1616.311,3194.323
9.64196,0.5077646,1,-34.29999,1,0,1,87.0088,-1616.201,3194.262
9.773103,0.5145948,1,-34.29999,1,0,1,87.02004,-1616.09,3194.198
9.909028,0.5215481,1,-34.29999,1,0,1,87.03115,-1615.979,3194.131
10.04707,0.528616,1,-34.29999,1,0,1,87.04211,-1615.869,3194.061
10.17825,0.5353227,1,-34.29999,1,0,1,87.05293,-1615.758,3193.989
10.3048,0.5417666,1,-34.29999,1,0,1,87.06364,-1615.648,3193.913
10.42668,0.5478892,1,-34.29999,1,0,1,87.07423,-1615.538,3193.835
10.54834,0.5536042,1,-34.29999,1,0,1,87.08469,-1615.428,3193.755
10.72037,0.5599212,1,-34.29999,1,0,1,87.09505,-1615.319,3193.672
10.82433,0.5651235,1,-34.29999,1,0,1,87.10535,-1615.21,3193.586
10.92486,0.5691987,1,-34.29999,1,0,1,87.11553,-1615.101,3193.498
11.02022,0.5758119,1,-34.29999,1,0,1,87.12563,-1614.993,3193.408
11.10219,0.5822287,1,-34.29999,1,0,1,87.13559,-1614.885,3193.316
11.18275,0.588816,1,-34.29999,1,0,1,87.14549,-1614.777,3193.221
11.42049,0.5983236,1,-34.29999,0,0,1,87.15531,-1614.672,3193.125
11.18266,0.5824366,1,-34.29999,0,0,1,87.1652,-1614.568,3193.028
10.94479,0.5665467,1,-34.29999,0,0,1,87.17516,-1614.466,3192.93
10.70744,0.550692,1,-34.29999,0,0,1,87.18516,-1614.367,3192.832
10.46814,0.5347065,1,-29.62699,0,0,1,87.19531,-1614.269,3192.731
10.22986,0.526923,1,-25.60304,0,0,1,87.2055,-1614.173,3192.63
9.994505,0.5240489,1,-22.16387,0,0,1,87.21563,-1614.079,3192.531
9.7571,0.5193146,1,-19.15709,0,0,1,87.22591,-1613.986,3192.43
9.623291,0.5146913,1,-16.5542,0,0,1,87.23627,-1613.895,3192.329
9.502161,0.5101878,1,-14.26571,0,0,1,87.24686,-1613.803,3192.226
9.393603,0.5058324,1,-12.30429,0,0,1,87.25745,-1613.713,3192.123
9.28644,0.5016193,1,-10.62973,0,0,1,87.26799,-1613.625,3192.022
9.173574,0.4974144,1,-9.17794,0,0,0.9948287,87.27863,-1613.537,3191.92
9.045389,0.4933389,1,-7.922463,0,0,0.9866777,87.28935,-1613.45,3191.819
8.92889,0.4898688,1,-6.832042,0,0,0.9797376,87.3002,-1613.364,3191.718
8.843489,0.4864309,1,-5.898398,0,0,0.9728618,87.31104,-1613.278,3191.617
8.766962,0.4833293,1,-5.086552,0,0,0.9666585,87.322,-1613.194,3191.516
8.698149,0.4795732,1,-4.389937,0,0,0.9591465,87.33296,-1613.11,3191.416
8.633396,0.4732754,1,-3.784767,0,0,0.9465507,87.34406,-1613.027,3191.315
8.572188,0.4646805,1,-3.260697,0,0,0.9293609,87.35525,-1612.945,3191.214
8.512657,0.4539141,1,-2.810333,0,0,0.9078283,87.36646,-1612.865,3191.113
8.454321,0.4413934,1,-2.418336,0,0,0.8827869,87.37784,-1612.784,3191.011
8.396338,0.4584986,1,-2.057742,1,0,0.9169289,87.39004,-1612.699,3190.9
8.613901,0.4730318,1,-1.797453,1,0,0.9459373,87.4003,-1612.627,3190.804
8.852222,0.4889517,1,-1.548735,1,0,0.9777135,87.41143,-1612.549,3190.697
8.975598,0.5041767,1,-1.332324,1,0,1,87.42257,-1612.471,3190.587
9.266945,0.5202593,1,-1.107729,1,0,1,87.43588,-1612.376,3190.451
9.504869,0.5361526,1,3.754906,1,0,1,87.44658,-1612.299,3190.337
9.747522,0.5489926,1,8.024693,1,0,1,87.45735,-1612.22,3190.219
9.987273,0.565008,1,11.64671,1,0,1,87.46785,-1612.141,3190.1
10.22661,0.5809955,1,14.75824,1,0,1,87.4782,-1612.062,3189.98
10.4629,0.5959045,1,17.40394,1,0,1,87.48831,-1611.984,3189.861
10.70057,0.6081585,1,19.70118,1,0,1,87.49837,-1611.905,3189.739
10.93801,0.6220933,1,21.6811,1,0,1,87.5083,-1611.825,3189.616
11.17547,0.6372434,1,23.38979,1,0,1,87.51812,-1611.744,3189.492
11.41287,0.6524173,1,24.86396,1,0,1,87.5278,-1611.663,3189.367
11.65029,0.6675817,1,21.51073,1,0,1,87.53735,-1611.582,3189.24
11.88957,0.683566,1,18.59337,1,0,1,87.54682,-1611.499,3189.11
12.12883,0.6995481,1,16.07807,1,0,1,87.55612,-1611.415,3188.978
12.36661,0.7154323,1,13.92249,1,0,1,87.56518,-1611.332,3188.844
12.60429,0.7313092,1,12.06236,1,0,1,87.57403,-1611.248,3188.709
12.8416,0.7471613,1,10.45801,1,0,1,87.58266,-1611.164,3188.572
13.07921,0.7630335,1,9.069312,1,0,1,87.59112,-1611.08,3188.433
13.31677,0.7789027,1,7.868809,1,0,1,87.59937,-1610.995,3188.291
13.55607,0.794888,1,6.822765,1,0,1,87.60749,-1610.909,3188.147
13.79305,0.8105666,1,5.927393,1,0,1,87.61533,-1610.824,3188.001
14.03042,0.8252269,1,0.6558449,1,0,1,87.62296,-1610.739,3187.854
14.26784,0.8388188,1,-3.910834,1,0,1,87.63039,-1610.653,3187.703
14.50674,0.8515854,1,-7.892325,1,0,1,87.63766,-1610.567,3187.55
14.74544,0.8625459,1,-11.33797,1,0,1,87.64469,-1610.481,3187.394
14.98411,0.8743131,1,-14.32442,1,0,1,87.65153,-1610.395,3187.236
15.22004,0.8818747,1,-16.88412,1,0,1,87.65807,-1610.309,3187.078
15.46153,0.8891482,1,-19.16142,1,0,1,87.66458,-1610.222,3186.913
15.70102,0.8964381,1,-21.1186,1,0,1,87.67084,-1610.136,3186.748
15.93841,0.9035026,1,-22.80275,1,0,1,87.67685,-1610.05,3186.582
16.17595,0.9101524,1,-24.26859,1,0,1,87.68268,-1609.965,3186.414
16.41933,0.9133678,1,-25.57555,1,0,1,87.68848,-1609.877,3186.239
16.65844,0.9156494,1,-26.68938,1,0,1,87.69401,-1609.792,3186.066
16.89827,0.9282945,1,-27.66161,1,0,1,87.6994,-1609.706,3185.89
17.13844,0.9297024,1,-28.50884,1,0,1,87.70466,-1609.621,3185.712
17.37927,0.9312324,1,-29.24833,1,0,1,87.70979,-1609.536,3185.532
17.61714,0.9329147,1,-29.88407,1,0,1,87.71471,-1609.452,3185.352
17.85541,0.9347588,1,-30.43954,1,0,1,87.71951,-1609.369,3185.17
17.90042,0.9367052,1,-30.92526,1,0,1,87.72418,-1609.285,3184.986
17.89633,0.9387981,1,-27.00801,1,0,1,87.72876,-1609.202,3184.798
17.89259,0.946283,1,-23.60637,1,0,1,87.73318,-1609.119,3184.609
17.88932,0.9542944,1,-20.63545,1,0,1,87.73747,-1609.036,3184.417
17.88674,0.9607304,1,-18.06333,1,0,1,87.74157,-1608.955,3184.224
17.88434,0.9661306,1,-15.83847,1,0,1,87.74546,-1608.874,3184.03
17.88236,0.971137,1,-13.84626,1,0,1,87.74927,-1608.791,3183.829
17.88033,0.9552139,1,-12.13899,0,0,0.1,87.75282,-1608.712,3183.631
17.63751,0.9389941,2,-10.61325,0,0,0.132375,87.75647,-1608.634,3183.429
17.39991,0.9231223,2,-9.307019,0,0,0.1640552,87.76007,-1608.558,3183.232
17.16166,0.9072069,2,-8.157673,0,0,0.1958224,87.76372,-1608.484,3183.034
16.92328,0.8912836,2,-7.14914,0,0,0.2276054,87.76739,-1608.411,3182.835
16.68035,0.8750554,2,-6.247832,0,0,0.259997,87.77116,-1608.339,3182.634
16.44161,0.8591079,2,-5.473315,0,0,0.2918284,87.7749,-1608.268,3182.435
16.2058,0.8433561,2,-4.802751,0,0,0.3232692,87.77863,-1608.199,3182.239
15.96825,0.8274875,2,-4.209645,0,0,0.354943,87.7824,-1608.13,3182.042
15.71442,0.8105314,2,-3.653837,0,0,0.3887874,87.78648,-1608.058,3181.831
15.46484,0.7938595,2,-3.179206,0,0,0.4220648,87.7905,-1607.988,3181.624
15.22735,0.7779951,2,-2.78599,0,0,0.4537302,87.79437,-1607.922,3181.427
14.97378,0.7610568,2,-2.417866,0,0,0.4875392,87.79854,-1607.852,3181.218
14.73116,0.7448497,2,-2.111986,0,0,0.5198886,87.80255,-1607.787,3181.017
14.47818,0.7279506,2,-1.833229,0,0,0.5536194,87.80676,-1607.719,3180.808
14.22196,0.710835,2,-1.588012,0,0,0.5877824,87.81105,-1607.651,3180.596
13.98384,0.694929,2,-1.390487,1,0,0.6195308,87.81507,-1607.589,3180.398
13.73283,0.6781611,2,-1.208652,1,0,0.6529996,87.81914,-1607.522,3180.187
13.6694,0.6613349,2,-1.050489,1,0,0.6865848,87.82304,-1607.456,3179.973
13.81667,0.6454356,2,-0.9209587,1,0,0.71832,87.82656,-1607.393,3179.769
13.88575,0.6287092,2,-0.8018115,1,0,0.7517059,87.8301,-1607.326,3179.552
14.08062,0.6123714,2,-0.7007731,1,0,0.7843164,87.83339,-1607.261,3179.337
14.14345,0.59656,2,-0.6155498,1,0,0.8158759,87.83641,-1607.198,3179.127
14.26768,0.5804008,2,-0.5392473,1,0,0.8481299,87.83935,-1607.133,3178.911
14.38384,0.5675371,2,-0.4692687,1,0,0.8819889,87.84225,-1607.064,3178.682
14.56077,0.5587358,2,-0.4113151,1,0,0.9143052,87.84486,-1606.998,3178.461
14.62084,0.5451727,2,-0.3604782,1,0,0.9467391,87.84731,-1606.932,3178.237
14.74017,0.5336049,2,-0.3146529,1,0,0.9801947,87.84966,-1606.863,3178.005
14.9297,0.5316015,2,-0.2747467,1,0,1,87.85183,-1606.794,3177.77
15.06267,0.5363345,2,-0.2419137,1,0,1,87.85371,-1606.728,3177.545
15.129,0.538791,2,-0.2111141,1,0,1,87.85554,-1606.657,3177.302
15.37204,0.5462453,2,-0.1854344,1,0,1,87.8571,-1606.589,3177.068
15.61011,0.5531757,2,-0.1634019,1,0,1,87.85847,-1606.523,3176.836
15.86688,0.5577736,2,-0.1425189,1,0,1,87.8598,-1606.45,3176.584
16.12471,0.5648682,2,-0.1242803,1,0,1,87.86097,-1606.378,3176.33
16.36207,0.5703316,2,-0.1096783,1,0,1,87.86189,-1606.31,3176.093
16.53474,0.5730549,2,-0.09590635,1,0,1,87.86272,-1606.237,3175.837
16.75564,0.5810005,2,3.944235,1,0,1,87.86332,-1606.168,3175.595
16.84254,0.5836151,2,7.728885,1,0,1,87.86378,-1606.093,3175.336
17.05365,0.5966638,2,11.08804,1,0,1,87.86407,-1606.015,3175.071
17.19363,0.6017823,2,13.94516,1,0,1,87.86419,-1605.936,3174.81
17.4126,0.6068591,2,16.28336,1,0,1,87.86414,-1605.86,3174.564
17.52059,0.6094446,2,18.46822,1,0,1,87.86394,-1605.778,3174.302
17.71549,0.6139802,2,20.32032,1,0,1,87.86362,-1605.696,3174.048
17.91571,0.6185458,2,17.81616,1,0,1,87.86314,-1605.609,3173.779
18.1533,0.6265753,2,15.778,1,0,1,87.86256,-1605.524,3173.527
18.28647,0.6297631,2,13.84017,1,0,1,87.86179,-1605.432,3173.255
18.418,0.6362729,2,12.2502,1,0,1,87.86092,-1605.343,3172.997
18.67053,0.6427735,2,10.77323,1,0,1,87.85983,-1605.248,3172.725
18.92543,0.6489025,2,9.466421,1,0,1,87.85856,-1605.149,3172.448
19.1683,0.6530179,2,8.376182,1,0,1,87.85716,-1605.054,3172.182
19.23508,0.6543349,2,7.38092,1,0,1,87.85553,-1604.953,3171.905
19.37139,0.6603794,2,6.550425,1,0,1,87.85381,-1604.855,3171.64
19.37441,0.6616089,2,5.77677,1,0,1,87.85182,-1604.751,3171.359
19.49204,0.6680326,2,5.119696,1,0,1,87.84974,-1604.648,3171.085
19.49673,0.6693596,2,4.554886,1,0,1,87.84754,-1604.546,3170.817
19.56105,0.6731287,2,4.045303,1,0,1,87.84515,-1604.44,3170.543
19.60925,0.6766727,2,3.600007,1,0,1,87.84263,-1604.334,3170.271
19.67771,0.6807473,2,3.205359,1,0,1,87.83993,-1604.226,3169.996
19.75549,0.6871704,2,2.843168,1,0,1,87.83696,-1604.113,3169.711
19.83566,0.6932881,2,2.534011,1,0,1,87.83393,-1604.002,3169.434
19.94175,0.6980922,2,2.257747,1,0,1,87.83073,-1603.889,3169.154
20.0445,0.7026723,2,2.014356,1,0,1,87.82742,-1603.776,3168.874
20.14593,0.7071837,2,1.792723,1,0,1,87.8239,-1603.658,3168.587
20.24417,0.711614,2,1.59862,1,0,1,87.82029,-1603.541,3168.302
20.34092,0.7160879,2,1.425921,1,0,1,87.81654,-1603.423,3168.015
20.44532,0.7204165,2,1.273636,1,0,1,87.81269,-1603.304,3167.729
20.58431,0.7241431,2,1.134781,1,0,1,87.8086,-1603.181,3167.435
20.72669,0.7281686,2,4.81987,1,0,1,87.80425,-1603.052,3167.133
20.87211,0.7323244,2,7.9921,1,0,1,87.79986,-1602.925,3166.837
21.01278,0.7365021,2,10.75632,1,0,1,87.79539,-1602.798,3166.547
21.14963,0.7405474,2,13.27456,1,0,1,87.79067,-1602.665,3166.25
21.3899,0.7489669,2,15.50727,1,0,1,87.7858,-1602.53,3165.953
21.62786,0.7525049,2,13.88157,1,0,1,87.78082,-1602.393,3165.658
21.77548,0.7569942,2,12.42098,1,0,1,87.77565,-1602.254,3165.36
22.01275,0.7680514,2,11.13067,1,0,1,87.7704,-1602.113,3165.063
22.15417,0.7727736,2,9.975627,1,0,1,87.76502,-1601.971,3164.766
22.25937,0.7768818,2,8.943418,1,0,1,87.75954,-1601.828,3164.467
22.37424,0.7815444,2,7.990709,1,0,1,87.75376,-1601.678,3164.158
22.48995,0.7895265,2,7.158474,1,0,1,87.74799,-1601.529,3163.854
22.60758,0.7928725,2,6.420625,1,0,1,87.74216,-1601.381,3163.553
22.72006,0.7961261,2,5.762621,1,0,1,87.73625,-1601.231,3163.251
22.85288,0.7985623,2,5.173155,1,0,1,87.73022,-1601.08,3162.948
22.98516,0.8013772,2,4.646453,1,0,1,87.72409,-1600.928,3162.645
23.1164,0.8060725,2,4.170934,1,0,1,87.71785,-1600.775,3162.338
23.24731,0.8088539,2,3.738122,1,0,1,87.71143,-1600.617,3162.027
23.37967,0.8136233,2,3.357785,1,0,1,87.705,-1600.461,3161.719
23.50847,0.8263626,2,3.019251,1,0,1,87.69849,-1600.305,3161.411
23.63317,0.8306113,2,2.712789,1,0,1,87.69176,-1600.145,3161.098
23.75805,0.8354723,2,2.438148,1,0,1,87.68484,-1599.983,3160.783
23.88182,0.8408716,2,2.192577,1,0,1,87.67773,-1599.82,3160.466
24.00413,0.8465024,2,1.972826,1,0,1,87.67045,-1599.655,3160.147
24.12509,0.8520449,2,1.775829,1,0,1,87.66295,-1599.488,3159.825
24.24482,0.856626,2,1.601281,1,0,1,87.65532,-1599.321,3159.504
24.48589,0.8688633,2,1.441955,1,0,1,87.64733,-1599.149,3159.175
24.72528,0.8731009,2,1.300253,1,0,1,87.63916,-1598.976,3158.846
24.96727,0.8776255,2,1.171786,1,0,1,87.63067,-1598.8,3158.51
25.12203,0.8820593,2,1.059117,1,0,1,87.6221,-1598.625,3158.18
25.23099,0.8870363,2,0.9569821,1,0,1,87.61322,-1598.446,3157.843
25.33742,0.8919227,2,0.8649594,1,0,1,87.60406,-1598.265,3157.503
25.45087,0.8967161,2,0.78246,1,0,1,87.59467,-1598.081,3157.162
25.58098,0.9021691,2,0.7091668,1,0,1,87.58516,-1597.898,3156.822
25.8195,0.9181024,2,0.6424487,1,0,1,87.57531,-1597.71,3156.477
26.05582,0.9243097,2,0.5829202,1,0,1,87.56531,-1597.522,3156.132
26.29366,0.9297383,2,0.5288818,1,0,1,87.555,-1597.33,3155.783
26.53247,0.9354461,2,0.4799301,1,0,1,87.54442,-1597.135,3155.43
26.77135,0.9406468,2,0.4357451,1,0,1,87.5336,-1596.938,3155.075
27.01186,0.9456519,2,0.395592,1,0,1,87.52248,-1596.737,3154.715
27.15081,0.9508525,2,0.3597735,1,0,1,87.51125,-1596.536,3154.357
27.25828,0.9567464,2,0.3275887,1,0,1,87.49986,-1596.335,3153.999
27.36228,0.9640706,2,0.298265,1,0,1,87.48818,-1596.131,3153.636
27.46674,0.9702948,2,0.2716548,1,0,1,87.47628,-1595.925,3153.271
27.56729,0.9794677,2,0.2476418,1,0,1,87.46423,-1595.718,3152.905
27.66524,0.9840153,2,0.2257527,1,0,1,87.45196,-1595.51,3152.535
27.83516,0.9883149,2,0.2060064,1,0,1,87.43961,-1595.302,3152.166
27.98468,0.9921359,2,0.1877005,1,0,1,87.42687,-1595.089,3151.788
28.05845,0.9764275,2,0.1715072,0,0,0.1,87.41433,-1594.881,3151.42
27.81892,0.9604266,3,0.1564178,0,0,0.131938,87.40162,-1594.671,3151.046
27.57915,0.9444099,3,0.142626,0,0,0.1639074,87.38896,-1594.461,3150.672
27.32604,0.9275025,3,0.129335,0,0,0.1976548,87.37566,-1594.239,3150.278
27.09934,0.9123587,3,0.1185264,0,0,0.2278818,87.36382,-1594.041,3149.925
26.86315,0.8965813,3,0.1081955,0,0,0.2593736,87.35155,-1593.834,3149.558
26.62219,0.8804854,3,0.09856417,0,0,0.2915012,87.33908,-1593.624,3149.183
26.55363,0.8641197,3,0.08963415,0,0,0.3241672,87.32647,-1593.411,3148.803
26.526,0.8485978,3,0.08192436,0,0,0.355149,87.31456,-1593.209,3148.443
26.4863,0.8324393,3,0.07458197,0,0,0.3874016,87.30222,-1592.999,3148.069
26.44728,0.8164915,3,0.06797865,0,0,0.4192336,87.29009,-1592.792,3147.7
26.41865,0.7991815,3,0.06144001,0,0,0.4537844,87.27699,-1592.567,3147.3
26.34506,0.7845298,3,0.0564321,0,0,0.4830294,87.26596,-1592.377,3146.961
26.33999,0.7685704,3,0.05141706,0,0,0.5148846,87.254,-1592.171,3146.594
26.33525,0.7527679,3,0.04688802,0,0,0.5464264,87.24222,-1591.966,3146.23
26.33824,0.7368386,3,0.04272059,0,0,0.5782214,87.2304,-1591.76,3145.864
26.34805,0.753137,3,0.03883163,1,0,0.6107531,87.21837,-1591.549,3145.489
26.58706,0.7691026,3,-3.019099,1,0,0.6426207,87.20654,-1591.342,3145.121
26.82548,0.785029,3,-5.79271,1,0,0.6744099,87.19468,-1591.135,3144.751
27.06238,0.7880346,3,-8.298696,1,0,0.7059963,87.18282,-1590.931,3144.383
27.30432,0.7796933,3,-10.62722,1,0,0.7382545,87.17062,-1590.723,3144.004
27.5416,0.7716225,3,-12.70045,1,0,0.7698917,87.15856,-1590.52,3143.63
27.77921,0.763763,3,-14.58895,1,0,0.8015737,87.14638,-1590.318,3143.253
28.02137,0.7558616,3,-16.3394,1,0,0.8338613,87.13383,-1590.114,3142.866
28.27325,0.7478134,3,-17.99247,1,0,0.8674455,87.12065,-1589.902,3142.462
28.54173,0.7407046,3,-19.58593,1,0,0.9032423,87.10644,-1589.677,3142.027
28.6968,0.7325686,3,-21.02849,1,0,0.9393135,87.09194,-1589.453,3141.585
28.79601,0.7144413,3,-22.32799,0,0,0.9754957,87.07722,-1589.23,3141.14
28.49345,0.7048097,3,-19.88666,0,0,1,87.06093,-1588.986,3140.643
28.18837,0.7013842,3,-17.69031,0,0,1,87.04461,-1588.744,3140.142
27.91122,0.6995177,3,-15.91233,0,0,1,87.02988,-1588.527,3139.686
27.61674,0.6979021,3,-14.21031,0,0,1,87.01435,-1588.301,3139.201
27.52066,0.6963693,3,-12.66558,0,0,1,86.9987,-1588.075,3138.708
27.4533,0.6947937,3,-11.26698,0,0,1,86.98295,-1587.849,3138.208
27.38633,0.6932806,3,-10.03261,0,0,1,86.96747,-1587.627,3137.713
27.32022,0.6918561,3,-8.919758,0,0,1,86.95194,-1587.407,3137.212
27.25446,0.6905119,3,-7.969216,0,0,1,86.93716,-1587.199,3136.732
27.19077,0.6892319,3,-7.08264,0,0,1,86.92188,-1586.984,3136.231
27.1222,0.6879243,3,-6.337655,0,0,1,86.90755,-1586.784,3135.759
27.04798,0.6866257,3,-5.718911,0,0,1,86.89436,-1586.6,3135.321
26.98112,0.6855319,3,-5.077065,0,0,1,86.87932,-1586.393,3134.817
26.91681,0.6847157,3,-4.568323,0,0,1,86.86601,-1586.21,3134.369
26.84698,0.6838484,3,-4.110011,0,0,1,86.85279,-1586.029,3133.921
26.80188,0.6831291,3,-3.716353,0,0,1,86.84027,-1585.859,3133.493
26.7556,0.6824214,3,-3.339571,0,0,1,86.82712,-1585.681,3133.042
26.70823,0.6817369,3,-3.02825,0,0,1,86.81511,-1585.52,3132.627
26.66021,0.6810716,3,-2.72379,0,0,1,86.80225,-1585.348,3132.18
26.60306,0.6802415,3,-2.471967,0,0,1,86.7905,-1585.192,3131.77
26.56962,0.6797809,3,-2.241708,0,0,1,86.77876,-1585.037,3131.357
26.47132,0.6782183,3,-2.026938,0,0,1,86.76675,-1584.879,3130.934
26.40777,0.6772355,3,-1.837779,0,0,1,86.75514,-1584.728,3130.521
26.3754,0.6767442,3,-1.6661,0,0,1,86.7436,-1584.578,3130.109
26.3121,0.6757018,3,-1.509218,0,0,1,86.73204,-1584.429,3129.695
26.23747,0.6740736,3,-1.366705,0,0,1,86.72052,-1584.28,3129.28
26.21504,0.6729395,3,-1.245112,0,0,1,86.70975,-1584.142,3128.889
26.1974,0.6724973,3,-1.133799,0,0,1,86.69898,-1584.004,3128.498
26.16587,0.6715685,3,-1.032555,0,0,1,86.6883,-1583.867,3128.107
26.13177,0.6554155,3,-0.9385723,0,1,0.1,86.67748,-1583.729,3127.713
25.89482,0.6395873,2,-0.8542795,0,1,0.1315932,86.66718,-1583.596,3127.331
25.65673,0.6236827,2,-0.7766505,0,1,0.163339,86.65714,-1583.463,3126.95
25.4185,0.607769,2,-0.7055723,0,1,0.1951028,86.64738,-1583.332,3126.572
25.17607,0.5915747,2,-0.639421,0,1,0.2274268,86.63774,-1583.2,3126.191
24.93678,0.5755898,2,-0.5798483,0,1,0.2593328,86.62853,-1583.071,3125.818
24.69726,0.5595899,2,-0.5254205,0,1,0.2912688,86.61961,-1582.943,3125.448
24.45713,0.5435497,2,-0.4756585,0,1,0.3232852,86.61097,-1582.816,3125.081
24.21871,0.5276229,2,-0.4306447,0,1,0.355075,86.60268,-1582.692,3124.72
23.97756,0.5115145,2,-0.3891741,0,1,0.3872276,86.59457,-1582.567,3124.358
23.74128,0.4957305,2,-0.3522266,0,1,0.4187326,86.5869,-1582.445,3124.006
23.50391,0.4798746,2,-0.3184382,0,1,0.450381,86.57947,-1582.325,3123.656
23.26717,0.4640606,2,-0.2877943,0,1,0.481946,86.57233,-1582.205,3123.31
23.02919,0.4481633,2,-0.2597941,0,1,0.5136769,86.56542,-1582.086,3122.965
22.79225,0.4513088,2,-0.2344853,0,1,0.5452694,86.55882,-1581.969,3122.624
22.55382,0.467236,2,-0.2113701,0,1,0.5770602,86.55242,-1581.852,3122.285
22.31731,0.4830346,2,-0.1905885,0,1,0.6085944,86.54634,-1581.736,3121.951
22.07475,0.4992374,2,-0.1712672,0,1,0.6409352,86.54037,-1581.619,3121.613
21.8365,0.5151531,2,-0.1541188,0,1,0.672703,86.53476,-1581.505,3121.283
21.59661,0.5311775,2,-0.1384988,0,1,0.704688,86.52937,-1581.392,3120.954
21.35564,0.5472741,2,-0.1243234,0,1,0.7368168,86.52422,-1581.279,3120.626
21.12012,0.5630066,2,-0.1118203,0,1,0.7682192,86.51945,-1581.169,3120.309
20.87813,0.5791716,2,-0.1002057,0,1,0.8004846,86.51479,-1581.057,3119.987
20.63885,0.5951554,2,-0.08986,0,1,0.8323884,86.51045,-1580.948,3119.671
20.3995,0.6111442,2,-0.08053149,0,1,0.8643022,86.50637,-1580.839,3119.358
20.15887,0.6272183,2,-0.07208365,0,1,0.8963862,86.50252,-1580.731,3119.046
19.92324,0.6429582,2,-0.06464106,0,1,0.9278032,86.499,-1580.627,3118.744
19.68585,0.6588162,2,-3.643466,0,1,0.9594558,86.4957,-1580.522,3118.442
19.44278,0.6750529,2,-6.940866,0,1,0.9918646,86.49257,-1580.417,3118.136
19.2046,0.6909635,2,-9.838175,0,1,1,86.48973,-1580.314,3117.839
18.9614,0.7072096,2,-12.4961,0,1,1,86.48708,-1580.211,3117.538
18.7256,0.7049997,2,-14.80427,0,1,1,86.48476,-1580.112,3117.25
18.48067,0.6980804,2,-16.95814,0,1,1,86.4826,-1580.011,3116.953
18.24814,0.6912559,2,-18.78564,0,1,1,86.48077,-1579.916,3116.673
18.0097,0.6847242,2,-20.46952,0,1,1,86.47913,-1579.82,3116.39
17.77313,0.677964,2,-21.96569,0,1,1,86.47772,-1579.725,3116.111
17.5349,0.6712441,2,-23.31548,0,1,1,86.47655,-1579.631,3115.833
17.2962,0.6643759,2,-24.52549,0,1,1,86.4756,-1579.539,3115.558
17.0603,0.657697,2,-25.59436,0,1,1,86.4749,-1579.448,3115.288
16.82237,0.6510193,2,-26.55877,0,1,1,86.47442,-1579.358,3115.019
16.58557,0.6443589,2,-27.41605,0,1,1,86.47417,-1579.27,3114.753
16.34447,0.6375272,2,-28.19575,0,1,1,86.47416,-1579.181,3114.486
16.10667,0.6305181,2,-28.88083,0,1,1,86.47438,-1579.095,3114.225
15.86709,0.6235746,2,-29.49634,0,1,1,86.47485,-1579.01,3113.965
15.62789,0.616905,2,-30.04346,0,1,1,86.47553,-1578.925,3113.708
15.38787,0.610432,2,-26.59546,0,1,1,86.47645,-1578.842,3113.453
15.14806,0.6040129,2,-23.53313,0,1,1,86.47758,-1578.759,3113.201
14.90966,0.5975571,2,-20.82818,0,1,1,86.47894,-1578.678,3112.952
14.67007,0.5916353,2,-18.41297,0,1,1,86.48049,-1578.597,3112.705
14.43216,0.585566,2,-16.28457,0,1,1,86.48225,-1578.518,3112.462
14.19518,0.5795027,2,-14.40236,0,1,1,86.48419,-1578.44,3112.223
13.95121,0.5734029,2,-12.68191,0,1,1,86.4864,-1578.36,3111.98
13.71227,0.5670593,2,-11.19222,0,1,1,86.48879,-1578.283,3111.744
13.47302,0.5609868,2,-9.870837,0,1,1,86.49139,-1578.207,3111.51
13.23125,0.5549814,2,-8.688689,0,1,1,86.49422,-1578.131,3111.277
12.99483,0.5490807,2,-7.667422,0,1,1,86.49718,-1578.057,3111.051
12.75889,0.5433468,2,-6.764793,0,1,1,86.50032,-1577.984,3110.827
12.52161,0.5376388,2,-5.961102,0,1,1,86.50368,-1577.912,3110.605
12.28448,0.5318403,2,-5.250823,0,1,1,86.50723,-1577.84,3110.385
12.04705,0.5267639,2,-4.622453,0,1,1,86.51094,-1577.769,3110.167
11.8095,0.5214285,2,-4.067176,0,1,1,86.51484,-1577.699,3109.951
11.5722,0.5160946,2,-7.706735,0,1,1,86.51891,-1577.63,3109.738
11.3343,0.510721,2,-10.92679,0,1,1,86.52316,-1577.561,3109.526
11.09542,0.5052711,2,-13.778,0,1,1,86.52762,-1577.492,3109.316
10.8555,0.4997453,2,-16.3006,0,1,1,86.53227,-1577.424,3109.107
10.61636,0.4941253,2,-18.5134,0,1,1,86.5371,-1577.357,3108.901
10.37678,0.4884387,2,-20.46432,0,1,1,86.54213,-1577.291,3108.697
10.13899,0.4827619,2,-22.16714,0,1,1,86.54731,-1577.226,3108.497
9.90125,0.477058,2,-23.66511,0,1,1,86.55267,-1577.161,3108.3
9.663924,0.4713095,2,-24.98031,0,1,1,86.55822,-1577.098,3108.105
9.426404,0.4655204,2,-26.13775,0,1,1,86.56396,-1577.035,3107.913
9.180382,0.4596698,2,-27.19134,0,1,1,86.5701,-1576.971,3107.716
8.940579,0.4535482,2,-28.08895,0,1,1,86.57629,-1576.909,3107.526
8.700551,0.4475246,2,-28.87671,0,1,1,86.5827,-1576.848,3107.34
8.454136,0.4414373,2,-29.58536,0,1,1,86.58947,-1576.786,3107.151
8.214812,0.4351356,2,-30.18588,0,1,1,86.59626,-1576.727,3106.97
7.975066,0.4289645,2,-30.7127,0,1,1,86.60326,-1576.669,3106.791
7.734823,0.4226897,2,-31.17468,0,1,1,86.61049,-1576.611,3106.614
7.498388,0.4163527,2,-31.57222,0,1,1,86.61781,-1576.555,3106.443
7.261618,0.4100756,2,-31.92094,0,1,1,86.62534,-1576.5,3106.275
7.024354,0.4037604,2,-32.22681,0,1,1,86.63309,-1576.446,3106.108
6.7858,0.3974006,2,-32.49577,0,1,1,86.64109,-1576.392,3105.944
6.549197,0.3909925,2,-32.72877,0,1,1,86.64923,-1576.34,3105.783
6.311312,0.3846196,2,-32.93351,0,1,1,86.65762,-1576.288,3105.624
6.074158,0.3779482,2,-33.11169,0,1,1,86.66621,-1576.237,3105.469
5.83532,0.371462,2,-33.2683,0,1,1,86.67506,-1576.187,3105.315
5.598644,0.3649918,2,-33.40353,0,1,1,86.68405,-1576.138,3105.165
5.360619,0.3585501,2,-33.52213,0,1,1,86.6933,-1576.089,3105.017
5.123037,0.3520584,2,-33.62522,0,1,1,86.70274,-1576.042,3104.872
4.886448,0.3454955,2,-33.71459,0,1,1,86.71234,-1575.995,3104.73
4.64142,0.3389358,2,-33.79518,0,1,1,86.7225,-1575.948,3104.586
4.401892,0.332123,2,-33.86337,0,1,1,86.73267,-1575.904,3104.449
4.162318,0.3254583,2,-33.92258,0,1,1,86.74304,-1575.86,3104.314
3.922539,0.3187941,2,-33.97399,0,1,1,86.75364,-1575.817,3104.181
3.683404,0.3121331,2,-34.01844,0,1,1,86.76443,-1575.775,3104.052
3.44433,0.3053965,2,-34.05695,0,1,1,86.77543,-1575.734,3103.926
3.205107,0.2987454,2,-34.09034,0,1,1,86.78665,-1575.694,3103.802
2.966256,0.2920274,2,-34.1192,0,1,1,86.79807,-1575.655,3103.681
2.726602,0.2853181,2,-34.14426,0,1,1,86.80975,-1575.617,3103.563
2.480412,0.2785909,2,-34.16652,0,1,1,86.82197,-1575.579,3103.445
2.240338,0.2716793,2,-34.18519,0,1,1,86.8341,-1575.543,3103.332
2.000829,0.2649462,2,-34.20126,0,1,1,86.84642,-1575.508,3103.222
1.763216,0.2582321,2,-34.21503,0,1,1,86.85886,-1575.474,3103.116
1.52547,0.2515765,2,-34.22692,0,1,1,86.87151,-1575.441,3103.013
1.288255,0.2449268,2,-34.23717,0,1,1,86.88434,-1575.41,3102.913
1.049232,0.2382975,2,-34.24607,0,1,1,86.89748,-1575.379,3102.815
0.8135486,0.2316234,2,-34.25364,0,1,1,86.91065,-1575.349,3102.721
0.5754761,0.2250526,2,-34.26023,0,1,1,86.92416,-1575.32,3102.628
0.3385901,0.2184181,2,-34.26587,0,1,1,86.93781,-1575.292,3102.539
0.09799604,0.2118246,2,-34.27081,0,1,1,86.95189,-1575.264,3102.451
0,0.2051093,2,-34.275,0,1,1,86.96603,-1575.238,3102.367
0,0.2,2,-34.27862,0,1,1,86.98045,-1575.213,3102.286
0,0.2,2,-34.28171,0,1,1,86.99502,-1575.188,3102.208
0,0.2,2,-34.28436,0,1,1,87.00974,-1575.165,3102.132
0,0.2,2,-34.28662,0,1,1,87.02461,-1575.143,3102.06
0,0.2,2,-34.28862,0,1,1,87.04009,-1575.121,3101.988
0,0.2,2,-34.29029,0,1,1,87.05554,-1575.1,3101.92
0,0.2,2,-34.29171,0,1,1,87.07105,-1575.081,3101.856
0,0.2,2,-34.29295,0,1,1,87.08707,-1575.062,3101.794
0,0.2,2,-34.29401,0,1,1,87.10325,-1575.044,3101.734
0,0.2,2,-34.2949,0,1,1,87.11942,-1575.027,3101.678
0,0.2,2,-34.29566,0,1,1,87.13591,-1575.011,3101.624
0,0.2,2,-34.29632,0,1,1,87.15269,-1574.996,3101.573
0,0.2,2,-34.29687,0,1,1,87.16949,-1574.982,3101.526
0,0.2,2,-34.29734,0,1,1,87.18655,-1574.969,3101.48
0,0.2,2,-34.29775,0,1,1,87.20401,-1574.956,3101.438
0,0.2,2,-29.1054,0,1,0.1,87.22144,-1574.945,3101.398
0,0.2,1,-24.7027,0,1,0.1316122,87.23898,-1574.934,3101.362
0,0.2,1,-20.93965,0,0,0.1,87.25681,-1574.926,3101.326
0,0.2,1,-17.74946,0,0,0.1,87.27464,-1574.92,3101.29
0,0.2,1,-15.06175,0,0,0.1,87.2924,-1574.914,3101.255
0.238713,0.2,1,-12.75457,0,0,0.1,87.31039,-1574.91,3101.22
0.487173,0.2,1,-10.71974,0,0,0.1,87.32913,-1574.906,3101.184
0.7235055,0.2,1,-9.092111,0,0,0.1,87.34698,-1574.902,3101.15
0.9659295,0.2,1,-7.675354,0,0,0.1,87.3653,-1574.898,3101.116
1.204923,0.2,1,-6.495755,0,0,0.1,87.38336,-1574.895,3101.082
1.443996,0.2,1,-5.496692,0,0,0.1,87.40144,-1574.891,3101.049
1.683897,0.2,1,-4.648006,0,0,0.1,87.41959,-1574.887,3101.017
1.922139,0.2,1,-3.935024,0,0,0.1,87.43761,-1574.884,3100.985
2.162402,0.2,1,-3.326037,0,0,0.1,87.4558,-1574.88,3100.953
2.152124,0.2,1,-2.811654,0,0,0.1,87.47397,-1574.876,3100.921
