Wheel Speed,RPM,Gear,Angle,Throttle,Braking,Clutch,Temp,X,Y
1.939853,0.2,1,-0.0003164308,0,0,0.1,50.2681,-1623.165,3194.943
1.918769,0.2,1,-0.0002682077,0,0,0.1,50.33522,-1623.136,3194.947
1.898037,0.2,1,-0.0002271091,0,0,0.1,50.40262,-1623.107,3194.951
1.878212,0.2,1,-0.0001922528,0,0,0.1,50.47004,-1623.079,3194.956
1.858407,0.2,1,-0.0001624027,0,0,0.1,50.53815,-1623.051,3194.96
1.836558,0.2,1,-0.0001375977,0,0,0.1,50.60507,-1623.023,3194.965
1.814323,0.2,1,-0.0001165348,0,0,0.1,50.67205,-1622.996,3194.969
1.792392,0.2,1,-9.85901E-05,0,0,0.1,50.73935,-1622.97,3194.974
1.770251,0.2,1,-8.342251E-05,0,0,0.1,50.80649,-1622.943,3194.978
1.747753,0.2,1,-7.06339E-05,0,0,0.1,50.87331,-1622.918,3194.983
1.724929,0.2,1,-5.963112E-05,0,0,0.1,50.94111,-1622.892,3194.987
1.70207,0.2,1,-5.04228E-05,0,0,0.1,51.00824,-1622.867,3194.992
1.678591,0.2,1,-4.264717E-05,0,0,0.1,51.0752,-1622.842,3194.997
1.655547,0.2,1,-3.607944E-05,0,0,0.1,51.14197,-1622.818,3195.001
1.62971,0.2,1,-3.034117E-05,0,0,0.1,51.21084,-1622.794,3195.006
1.605082,0.2,1,-2.565649E-05,0,0,0.1,51.27761,-1622.77,3195.01
1.579353,0.2,1,-2.170318E-05,0,0,0.1,51.34417,-1622.747,3195.015
1.554512,0.2,1,-1.834218E-05,0,0,0.1,51.41096,-1622.725,3195.02
1.529979,0.2,1,-1.539525E-05,0,0,0.1,51.48018,-1622.702,3195.025
1.505281,0.2,1,-1.299467E-05,0,0,0.1,51.54726,-1622.68,3195.029
1.479579,0.2,1,-1.097153E-05,0,0,0.1,51.61415,-1622.658,3195.034
1.454909,0.2,1,-9.279358E-06,0,0,0.1,51.68034,-1622.637,3195.039
1.430285,0.2,1,-7.812936E-06,0,0,0.1,51.74806,-1622.616,3195.043
1.405858,0.2,1,-6.599095E-06,0,0,0.1,51.81455,-1622.596,3195.048
1.380719,0.2,1,-5.569743E-06,0,0,0.1,51.88122,-1622.576,3195.052
1.356053,0.2,1,-4.700022E-06,0,0,0.1,51.94787,-1622.557,3195.057
1.33125,0.2,1,-3.973092E-06,0,0,0.1,52.01381,-1622.538,3195.061
1.306225,0.2,1,-3.345133E-06,0,0,0.1,52.0811,-1622.519,3195.066
1.281512,0.2,1,-2.828098E-06,0,0,0.1,52.14681,-1622.501,3195.07
1.257365,0.2,1,-2.379697E-06,0,0,0.1,52.21414,-1622.483,3195.074
1.23331,0.2,1,-2.006669E-06,0,0,0.1,52.28062,-1622.466,3195.078
1.206933,0.2,1,-1.694951E-06,0,0,0.1,52.34641,-1622.449,3195.082
1.180393,0.2,1,-5.420602,0,0,0.1,52.41325,-1622.432,3195.086
1.142811,0.2158922,1,-9.919271,1,0,0.131721,52.47905,-1622.415,3195.088
1.109352,0.23191,1,-13.74655,1,0,0.1636926,52.54527,-1622.398,3195.09
1.102034,0.2479747,1,-16.98224,1,0,0.1957578,52.61159,-1622.38,3195.092
1.103906,0.2638573,1,-19.67752,1,0,0.2274596,52.67707,-1622.363,3195.092
1.141096,0.2799182,1,-21.9785,1,0,0.2595174,52.74318,-1622.345,3195.092
1.183496,0.2958773,1,-23.90443,1,0,0.2913718,52.80877,-1622.326,3195.092
1.252296,0.3117755,1,-25.5222,1,0,0.3231048,52.87397,-1622.307,3195.09
1.33651,0.3279302,1,-26.90905,1,0,0.3553498,52.94007,-1622.286,3195.088
1.446237,0.3438993,1,-28.06178,1,0,0.3872242,53.00523,-1622.264,3195.086
1.577818,0.359784,1,-29.02783,1,0,0.4189302,53.06983,-1622.239,3195.083
1.728279,0.3758194,1,-29.85028,1,0,0.450937,53.1348,-1622.213,3195.08
1.898983,0.3917674,1,-30.5391,1,0,0.4827692,53.19918,-1622.184,3195.076
2.075345,0.40761,1,-31.11607,1,0,0.5143912,53.26287,-1622.153,3195.072
2.260942,0.4239155,1,-31.61754,1,0,0.5469372,53.32815,-1622.119,3195.066
2.449608,0.4398027,1,-32.0281,1,0,0.5786481,53.39148,-1622.083,3195.061
2.653417,0.4557559,1,-32.37632,1,0,0.610491,53.4548,-1622.044,3195.055
2.856322,0.4550393,1,-32.66945,1,0,0.6422362,53.51765,-1622.003,3195.048
3.061172,0.4389652,1,-32.91987,1,0,0.6743202,53.58088,-1621.959,3195.04
3.257286,0.42311,1,-33.12835,1,0,0.7059672,53.64297,-1621.913,3195.032
3.44776,0.406992,1,-33.30778,1,0,0.738139,53.70581,-1621.864,3195.023
3.632644,0.3911825,1,-33.45642,1,0,0.7696948,53.76718,-1621.814,3195.013
3.81703,0.3752281,1,-33.58361,1,0,0.7504562,53.82884,-1621.76,3195.003
3.994179,0.3873449,1,-33.69252,1,0,0.7746897,53.89091,-1621.704,3194.991
4.16903,0.3769503,1,-33.78365,1,0,0.7539006,53.95205,-1621.647,3194.979
4.341228,0.3930139,1,-33.86144,1,0,0.7859637,54.01334,-1621.587,3194.966
4.579318,0.3880239,1,-33.92669,1,0,0.7760478,54.07378,-1621.525,3194.952
4.820983,0.4041671,1,-33.98293,1,0,0.8082698,54.13486,-1621.461,3194.937
5.060012,0.3949396,1,-34.03006,1,0,0.7898792,54.19503,-1621.395,3194.921
5.298748,0.4108871,1,-34.07003,1,0,0.8217106,54.25488,-1621.327,3194.905
5.537094,0.4076051,1,-34.10394,1,0,0.8152102,54.31437,-1621.258,3194.887
5.774418,0.4233856,1,-34.13266,1,0,0.8467713,54.37335,-1621.187,3194.869
6.017943,0.4129089,1,-34.15775,1,0,0.8258179,54.43362,-1621.112,3194.848
6.256989,0.4288772,1,-29.14405,1,0,0.8576907,54.49252,-1621.036,3194.827
6.496998,0.4295401,1,-24.85964,1,0,0.8590803,54.55141,-1620.958,3194.805
6.735429,0.4409675,1,-21.23833,1,0,0.8819351,54.60967,-1620.879,3194.781
6.974314,0.439364,1,-18.14709,1,0,0.8787279,54.66777,-1620.797,3194.757
7.216166,0.4521825,1,-15.48051,1,0,0.9043649,54.72631,-1620.712,3194.732
7.454748,0.4479914,1,-13.24308,1,0,0.8959828,54.78379,-1620.625,3194.707
7.690207,0.4634743,1,-11.35952,1,0,0.9269487,54.84024,-1620.538,3194.682
7.933229,0.4596766,1,-9.696743,1,0,0.9193532,54.89823,-1620.445,3194.656
8.17063,0.4748076,1,-8.314262,1,0,0.9496152,54.95461,-1620.352,3194.63
8.408034,0.4685642,1,-7.132212,1,0,0.9371285,55.01071,-1620.257,3194.604
8.650725,0.484776,1,-6.098533,1,0,0.9694873,55.0678,-1620.157,3194.577
8.889158,0.4787824,1,-5.232625,1,0,0.9575647,55.12363,-1620.056,3194.551
9.126031,0.4944604,1,-4.496552,1,0,0.9889209,55.17884,-1619.953,3194.524
9.364035,0.4992646,1,-8.69764,1,0,0.9985291,55.23406,-1619.848,3194.497
9.608998,0.5107225,1,-12.40193,1,0,1,55.29065,-1619.738,3194.468
9.855742,0.522023,1,-15.5845,1,0,1,55.34738,-1619.625,3194.437
10.09384,0.5328028,1,-18.20229,1,0,1,55.40188,-1619.514,3194.405
10.33516,0.5441206,1,-20.47871,1,0,1,55.45687,-1619.4,3194.371
10.57275,0.5545175,1,-22.39851,1,0,1,55.5108,-1619.286,3194.336
10.81474,0.5648209,1,-24.07855,1,0,1,55.5655,-1619.169,3194.298
11.05148,0.5752054,1,-25.48722,1,0,1,55.61882,-1619.054,3194.259
11.29311,0.5852963,1,-26.72458,1,0,1,55.67304,-1618.935,3194.217
11.53029,0.5953827,1,-27.76671,1,0,1,55.72607,-1618.818,3194.174
11.77232,0.6055162,1,-28.68228,1,0,1,55.78001,-1618.697,3194.128
12.0096,0.615535,1,-29.45277,1,0,1,55.83271,-1618.578,3194.082
12.24732,0.6255033,1,-30.11775,1,0,1,55.88533,-1618.459,3194.032
12.48418,0.6347654,1,-26.00802,1,0,1,55.93758,-1618.338,3193.981
12.73078,0.6482383,1,-22.3202,1,0,1,55.99179,-1618.212,3193.927
12.97402,0.6606216,1,-19.20543,1,0,1,56.04505,-1618.086,3193.87
13.20792,0.6726432,1,-16.6341,1,0,1,56.09605,-1617.963,3193.815
13.44251,0.684101,1,-14.40557,1,0,1,56.14699,-1617.838,3193.758
13.68011,0.6955206,1,-12.45546,1,0,1,56.19838,-1617.71,3193.698
13.91822,0.7114265,1,-10.76957,1,0,1,56.24966,-1617.58,3193.637
14.16486,0.725455,1,-9.2631,1,0,1,56.30257,-1617.443,3193.573
14.40246,0.7377738,1,-8.017723,0,0,1,56.35333,-1617.313,3193.511
14.16465,0.7218885,1,-6.937858,0,0,1,56.40413,-1617.183,3193.448
13.92763,0.7060555,1,-6.005627,1,0,1,56.45475,-1617.052,3193.384
13.69051,0.6902156,1,-9.80084,1,0,1,56.5052,-1616.92,3193.317
13.45302,0.6743514,1,-13.08517,1,0,1,56.55552,-1616.787,3193.249
13.20451,0.6577508,1,-16.05511,1,0,1,56.60798,-1616.648,3193.174
12.96615,0.6418282,1,-18.49983,1,0,1,56.6581,-1616.514,3193.1
12.71579,0.6251045,1,-20.71915,1,0,1,56.71054,-1616.372,3193.021
12.47951,0.621004,1,-22.51615,1,0,1,56.75984,-1616.239,3192.942
12.24135,0.6282836,1,-24.08504,1,0,1,56.80937,-1616.104,3192.861
12.00382,0.6368714,1,-25.43918,1,0,1,56.85859,-1615.97,3192.777
12.07915,0.6454217,1,-26.61541,1,0,1,56.9078,-1615.835,3192.69
12.31635,0.6539741,1,-27.62943,1,0,1,56.95663,-1615.701,3192.602
12.55391,0.6653246,1,-28.50961,1,0,1,57.00537,-1615.567,3192.511
12.80341,0.6767464,1,-29.31083,1,0,1,57.0564,-1615.426,3192.414
13.04036,0.6886891,1,-29.96538,1,0,1,57.10469,-1615.292,3192.318
13.27829,0.7002469,1,-30.53553,1,0,1,57.15303,-1615.158,3192.22
13.51548,0.7089015,1,-31.02839,1,0,1,57.20106,-1615.025,3192.12
13.75378,0.7195961,1,-31.45811,1,0,1,57.24916,-1614.891,3192.016
13.99061,0.7303762,1,-31.82853,1,0,1,57.29681,-1614.758,3191.912
14.22795,0.7411844,1,-32.1509,1,0,1,57.34442,-1614.625,3191.804
14.46657,0.7526587,1,-32.43232,1,0,1,57.39213,-1614.493,3191.694
14.70413,0.7635127,1,-32.67545,0,0,1,57.43948,-1614.363,3191.583
14.46771,0.7477195,1,-32.88618,0,0,1,57.48661,-1614.236,3191.471
14.23011,0.7318478,1,-33.0707,0,0,1,57.53399,-1614.111,3191.357
13.99184,0.7159318,1,-28.73736,0,0,1,57.5815,-1613.988,3191.241
13.75488,0.7001029,1,-24.98816,0,0,1,57.62876,-1613.868,3191.125
13.51707,0.684217,1,-21.71275,0,0,1,57.6762,-1613.75,3191.008
13.28009,0.6683866,1,-18.8735,0,0,1,57.72347,-1613.635,3190.889
13.00227,0.6498283,1,-15.97724,0,0,1,57.77889,-1613.502,3190.75
12.80556,0.6366886,1,-14.23927,0,0,1,57.81812,-1613.41,3190.65
12.56729,0.62115,1,-12.36152,0,0,1,57.86565,-1613.299,3190.529
12.32932,0.6194226,1,-10.73193,0,0,1,57.91311,-1613.191,3190.407
12.09075,0.6173189,1,-9.312298,0,0,1,57.96068,-1613.083,3190.285
11.85405,0.6152904,1,-8.089022,0,0,1,58.00787,-1612.978,3190.164
11.61807,0.6131784,1,-7.0287,0,0,1,58.05491,-1612.874,3190.042
11.3809,0.6110281,1,-6.101908,0,0,1,58.10218,-1612.77,3189.92
11.0991,0.6088361,1,-5.14509,0,0,1,58.15834,-1612.649,3189.774
10.90516,0.6052713,1,-4.589286,0,0,1,58.19698,-1612.567,3189.674
10.66821,0.6039606,1,-3.983191,0,0,1,58.24417,-1612.467,3189.551
10.43113,0.6021842,1,-3.456409,0,0,1,58.29138,-1612.369,3189.427
10.20938,0.6001087,1,-2.997773,0,0,1,58.3387,-1612.272,3189.303
10.14251,0.5982403,1,-2.600788,0,0,1,58.38586,-1612.177,3189.18
10.07457,0.5963525,1,-2.254379,0,0,1,58.43325,-1612.083,3189.055
10.00603,0.5944836,1,-1.955513,0,0,1,58.48035,-1611.991,3188.931
9.937737,0.5926846,1,-1.69533,0,0,1,58.52758,-1611.9,3188.806
9.858673,0.59073,1,-1.469579,0,0,1,58.57478,-1611.811,3188.681
9.785454,0.5888623,1,-1.274321,0,0,1,58.62182,-1611.723,3188.555
9.712616,0.5864695,1,-1.104677,0,0,1,58.6689,-1611.638,3188.429
9.637031,0.5842932,1,-0.9573597,0,0,1,58.716,-1611.553,3188.303
9.557875,0.580777,1,-0.8296548,0,0,1,58.76305,-1611.471,3188.177
9.476706,0.5793456,1,-0.7191373,0,0,1,58.80998,-1611.39,3188.05
9.472883,0.5771949,1,-0.6231939,0,0,1,58.85692,-1611.311,3187.922
9.468822,0.5751286,1,-0.540056,0,0,1,58.9038,-1611.233,3187.795
9.459911,0.5732521,1,-0.4674979,0,0,1,58.95095,-1611.156,3187.666
9.444679,0.5714432,1,-0.4049295,0,0,1,58.99786,-1611.08,3187.538
9.424826,0.5698227,1,-0.3507977,0,0,1,59.04465,-1611.006,3187.411
9.397843,0.5680219,1,-0.3039378,0,0,1,59.09135,-1610.932,3187.283
9.373162,0.5665132,1,-0.2629491,0,0,1,59.13844,-1610.858,3187.154
9.351327,0.5651045,1,-0.2278538,0,0,1,59.18498,-1610.786,3187.027
9.327707,0.5637647,1,-0.1974536,0,0,1,59.23145,-1610.715,3186.899
9.303092,0.5624977,1,-0.1710604,0,0,1,59.27795,-1610.644,3186.772
9.277434,0.5612691,1,-0.1481047,0,0,1,59.32457,-1610.573,3186.645
9.251064,0.5600547,1,-0.1282001,0,0,1,59.3712,-1610.502,3186.517
9.205607,0.5582978,1,-0.1110299,0,0,1,59.41763,-1610.432,3186.39
9.17491,0.5569197,1,-0.09611784,0,0,1,59.46412,-1610.362,3186.263
9.148326,0.5561036,1,-0.08321632,0,0,1,59.51053,-1610.293,3186.137
9.127751,0.5554798,1,-0.0719221,0,0,1,59.5574,-1610.223,3186.009
9.110378,0.5549254,1,-0.06219101,0,0,1,59.60407,-1610.153,3185.882
9.093549,0.5544205,1,-0.05383804,0,0,1,59.65034,-1610.084,3185.757
9.076339,0.5538837,1,-0.04657132,0,0,1,59.69678,-1610.015,3185.631
9.060074,0.5533998,1,-0.04013165,0,0,1,59.7443,-1609.945,3185.502
9.04215,0.5527875,1,-0.03475816,0,0,1,59.79026,-1609.877,3185.378
9.02296,0.5520611,1,-0.03008878,0,0,1,59.83631,-1609.809,3185.253
9.002667,0.5512054,1,-0.02604052,0,0,1,59.88238,-1609.741,3185.129
8.984229,0.5504552,1,-0.02251661,0,0,1,59.92866,-1609.673,3185.004
8.966828,0.5496925,1,-0.01947347,0,0,1,59.97483,-1609.605,3184.88
8.949135,0.5488989,1,-0.01684871,0,0,1,60.02082,-1609.538,3184.757
8.929135,0.5479469,1,-0.01458367,0,0,1,60.06664,-1609.47,3184.634
8.907585,0.5468795,1,-0.01258596,0,0,1,60.11327,-1609.402,3184.509
8.885325,0.5457126,1,-0.01088477,0,0,1,60.15922,-1609.335,3184.386
8.864051,0.5445749,1,-0.009422644,0,0,1,60.20484,-1609.268,3184.265
8.842939,0.5434271,1,-0.008138403,0,0,1,60.25107,-1609.2,3184.142
8.821014,0.542204,1,-0.007033005,0,0,1,60.29709,-1609.133,3184.02
8.7979,0.5408846,1,-0.006074193,0,0,1,60.34322,-1609.065,3183.897
8.774153,0.5394939,1,-0.005237278,0,0,1,60.38979,-1608.997,3183.774
8.750279,0.5379671,1,-0.004535133,0,0,1,60.43505,-1608.931,3183.655
8.731017,0.5370145,1,-0.003911111,0,0,1,60.48145,-1608.864,3183.532
8.713181,0.5361158,1,-0.003377774,0,0,1,60.52738,-1608.797,3183.412
8.695007,0.5351509,1,-0.002919123,0,0,1,60.57306,-1608.731,3183.292
8.680791,0.5341101,1,-0.002524544,0,0,1,60.61847,-1608.665,3183.172
8.666305,0.5330005,1,-0.002173595,0,0,1,60.66513,-1608.598,3183.05
8.646875,0.5317697,1,-0.001879772,0,0,1,60.71044,-1608.533,3182.931
8.633049,0.5306449,1,-0.001618891,0,0,1,60.75691,-1608.466,3182.81
8.603114,0.5288509,1,-0.001399944,0,0,1,60.80214,-1608.402,3182.692
8.573912,0.5270861,1,-0.001209959,0,0,1,60.84748,-1608.337,3182.574
8.545295,0.5253513,1,-0.001045613,0,0,1,60.8928,-1608.272,3182.457
8.516786,0.5236146,1,-0.0009032739,0,0,1,60.93817,-1608.208,3182.339
8.488418,0.5218853,1,-0.0007811806,0,0,1,60.98317,-1608.144,3182.223
8.463587,0.5202489,1,-4.918758,0,0,1,61.03085,-1608.077,3182.099
8.428945,0.5174986,1,-8.933353,0,0,1,61.07624,-1608.014,3181.982
8.421956,0.5154756,1,-12.39752,0,0,1,61.12155,-1607.953,3181.865
8.416248,0.5122206,1,-15.39626,0,0,1,61.16693,-1607.892,3181.747
8.413633,0.5088221,1,-17.96154,0,0,1,61.21186,-1607.834,3181.63
8.410161,0.5053502,1,-20.19647,1,0,1,61.25711,-1607.776,3181.51
8.651517,0.5142916,1,-22.14857,1,0,1,61.30279,-1607.718,3181.386
8.92085,0.5245126,1,-18.73573,1,0,1,61.35353,-1607.653,3181.245
9.187482,0.5421357,1,-15.88633,0,0,1,61.40347,-1607.591,3181.104
8.978704,0.5323924,1,-13.7027,0,0,1,61.44856,-1607.536,3180.978
8.951655,0.5302245,1,-11.6416,0,0,1,61.49785,-1607.477,3180.839
8.92311,0.5262597,1,-9.920498,0,0,1,61.54624,-1607.42,3180.703
8.89574,0.5241198,1,-8.548871,0,0,1,61.59144,-1607.368,3180.577
8.889354,0.5234823,1,-7.256432,0,0,1,61.6408,-1607.311,3180.438
8.848711,0.5211872,1,-6.175529,0,0,1,61.68938,-1607.256,3180.302
8.814918,0.5197242,1,-5.238183,0,0,1,61.73882,-1607.2,3180.164
8.775233,0.5181826,1,-4.512243,0,0,1,61.78389,-1607.15,3180.038
8.75067,0.5173856,1,-3.822617,0,0,1,61.83355,-1607.095,3179.9
8.679591,0.5149071,1,-3.26088,0,0,1,61.88123,-1607.043,3179.767
8.629548,0.5130628,1,-2.763602,0,0,1,61.93064,-1606.99,3179.63
8.578968,0.5112013,1,-2.351127,0,0,1,61.97894,-1606.938,3179.496
8.528944,0.5093547,1,-1.992254,0,0,1,62.02828,-1606.885,3179.359
8.480197,0.5075525,1,-1.695959,0,0,1,62.07629,-1606.834,3179.227
8.432425,0.5057597,1,-1.463329,0,0,1,62.12051,-1606.787,3179.105
8.408743,0.5048501,1,-1.234682,0,0,1,62.17084,-1606.734,3178.966
8.340995,0.5022044,1,-1.044695,0,0,1,62.22033,-1606.682,3178.83
8.291547,0.5002221,1,-0.8811239,0,0,1,62.27063,-1606.63,3178.693
8.23721,0.4980291,1,-0.7602454,0,0,0.9960582,62.31464,-1606.585,3178.572
8.210145,0.49693,1,-0.6459303,0,0,0.99386,62.36282,-1606.535,3178.441
8.144281,0.4941614,1,-0.5513505,0,0,0.9883227,62.40968,-1606.487,3178.313
8.104503,0.4924664,1,-0.4687954,0,0,0.9849328,62.45755,-1606.439,3178.183
8.066722,0.4908309,1,-0.3941761,0,0,0.9816617,62.50837,-1606.388,3178.046
8.029143,0.4891228,1,-0.3349211,0,0,0.9782456,62.5563,-1606.34,3177.916
7.987748,0.4874424,1,-0.2861297,0,0,0.9748849,62.6027,-1606.294,3177.791
7.951041,0.485579,1,-0.2436512,0,0,0.971158,62.64993,-1606.248,3177.663
7.91482,0.4836937,1,-0.2072947,0,0,0.9673874,62.69733,-1606.202,3177.536
7.881057,0.4818992,1,-0.1753466,0,0,0.9637985,62.74624,-1606.155,3177.404
7.853116,0.4793511,1,-0.1493954,0,0,0.9587023,62.79315,-1606.11,3177.278
7.831081,0.475579,1,-0.127333,0,0,0.9511579,62.8399,-1606.066,3177.153
7.816507,0.47157,1,-0.1077655,0,0,0.94314,62.88849,-1606.021,3177.023
7.789974,0.4661234,1,-0.09156577,0,0,0.9322467,62.93596,-1605.977,3176.896
7.766177,0.4599508,1,-0.07737204,0,0,0.9199017,62.98485,-1605.932,3176.766
7.743027,0.4521279,1,-0.06570424,0,0,0.9042558,63.03235,-1605.889,3176.639
7.721192,0.4436352,1,-0.05561584,0,0,0.8872704,63.08066,-1605.845,3176.511
7.698874,0.434047,1,-0.04718473,0,0,0.868094,63.12829,-1605.802,3176.385
7.675332,0.4266533,1,-0.03991532,0,1,0.8533067,63.17664,-1605.759,3176.259
7.404311,0.4090379,1,-0.03360151,0,1,0.8180757,63.22629,-1605.716,3176.134
7.138056,0.3912521,1,-0.02835973,0,1,0.7825041,63.27528,-1605.676,3176.014
6.878757,0.3739309,1,-0.02403507,0,1,0.7478618,63.32318,-1605.638,3175.9
6.618287,0.3565315,1,-0.02034002,0,1,0.7130629,63.37149,-1605.6,3175.79
6.360519,0.3393126,1,-0.01723446,0,1,0.6786252,63.41948,-1605.565,3175.683
6.133257,0.3214676,1,-0.01449801,0,1,0.6429352,63.46939,-1605.529,3175.575
5.91925,0.3045596,1,-0.01230921,0,1,0.6091191,63.51686,-1605.496,3175.476
5.711468,0.2853929,1,-0.01019572,0,1,0.5707858,63.57086,-1605.46,3175.367
5.455413,0.2682885,1,-0.008628047,0,1,0.5365769,63.61922,-1605.429,3175.273
5.20504,0.2515635,1,-0.007326838,0,1,0.503127,63.66665,-1605.399,3175.183
4.940614,0.2338998,1,-0.006156341,0,1,0.4677997,63.7169,-1605.369,3175.091
4.675778,0.2162088,1,-0.005168198,0,1,0.4324176,63.76739,-1605.34,3175.001
4.424023,0.2,1,-0.004377146,0,1,0.4,63.81554,-1605.314,3174.919
4.162459,0.2,1,-0.003678995,0,1,0.4,63.86571,-1605.288,3174.836
3.899308,0.2,1,-0.003086812,0,1,0.4,63.91634,-1605.263,3174.755
3.629186,0.2,1,-0.002575201,0,1,0.4,63.96848,-1605.238,3174.675
3.363256,0.2,1,-0.002153662,0,1,0.4,64.01998,-1605.216,3174.599
3.105068,0.2,1,-0.001810289,0,1,0.4,64.07014,-1605.195,3174.529
2.866607,0.2,1,-0.001542888,0,1,0.4,64.11662,-1605.177,3174.466
2.611148,0.2,1,-0.001298047,0,1,0.4,64.16654,-1605.158,3174.401
2.346532,0.2,1,-0.001084033,0,1,0.4,64.21842,-1605.139,3174.337
2.089144,0.2,1,-0.0009096403,0,1,0.4,64.26904,-1605.123,3174.277
1.821679,0.2,1,-0.0007571068,0,1,0.4,64.32181,-1605.106,3174.218
1.561381,0.2,1,-0.0006331574,0,1,0.4,64.37333,-1605.091,3174.164
1.32122,0.2,1,-0.0005372206,0,0,0.1,64.42101,-1605.077,3174.114
1.585996,0.2,1,-0.0004474513,0,0,0.1,64.47353,-1605.062,3174.06
1.824473,0.2,1,-0.0003800873,0,0,0.1,64.52077,-1605.048,3174.012
2.088359,0.2,1,-0.00031675,0,0,0.1,64.57301,-1605.032,3173.958
2.348296,0.2,1,-0.0002647401,0,0,0.1,64.62442,-1605.017,3173.906
2.60933,0.2,1,-0.0002210721,0,0,0.1,64.67599,-1605.001,3173.854
2.8667,0.2,1,-0.0001851066,0,0,0.1,64.7268,-1604.986,3173.804
3.119432,0.2,1,-0.0001555249,0,0,0.1,64.77663,-1604.971,3173.754
3.107245,0.2,1,-0.0001321213,0,0,0.1,64.8235,-1604.956,3173.708
3.095703,0.2,1,-0.0001110033,0,0,0.1,64.87323,-1604.941,3173.659
3.06195,0.2,1,-9.327963E-05,0,0,0.1,64.92284,-1604.926,3173.611
3.039081,0.2,1,-7.807487E-05,0,0,0.1,64.97343,-1604.911,3173.562
3.017785,0.2,1,-6.55171E-05,0,0,0.1,65.02328,-1604.896,3173.514
2.996677,0.2,1,-5.477671E-05,0,0,0.1,65.07403,-1604.88,3173.465
2.975883,0.2,1,-4.656365E-05,0,0,0.1,65.12038,-1604.866,3173.421
2.96563,0.2,1,-3.89554E-05,0,0,0.1,65.17084,-1604.851,3173.373
2.936489,0.2,1,-3.273924E-05,0,0,0.1,65.22005,-1604.837,3173.326
2.916687,0.2,1,-2.75628E-05,0,0,0.1,65.26875,-1604.822,3173.281
2.906983,0.2,1,-2.339472E-05,0,0,0.1,65.31526,-1604.808,3173.238
2.887353,0.2,1,-1.948222E-05,0,0,0.1,65.36665,-1604.793,3173.19
2.856724,0.2,1,-1.655513E-05,0,0,0.1,65.41277,-1604.78,3173.147
2.847217,0.2,1,-1.396594E-05,0,0,0.1,65.46071,-1604.766,3173.104
2.82962,0.2,1,-1.1676E-05,0,0,0.1,65.51091,-1604.751,3173.058
2.800961,0.2,1,-9.758889E-06,0,0,0.1,65.56112,-1604.736,3173.013
2.781882,0.2,1,-8.274878E-06,0,0,0.1,65.60756,-1604.723,3172.971
2.772156,0.2,1,-6.943585E-06,0,0,0.1,65.65663,-1604.709,3172.927
2.744161,0.2,1,-5.894849E-06,0,0,0.1,65.70264,-1604.696,3172.886
2.734759,0.2,1,-4.92912E-06,0,0,0.1,65.75249,-1604.681,3172.842
2.707349,0.2,1,-4.180562E-06,0,0,0.1,65.79865,-1604.668,3172.802
2.697817,0.2,1,-3.492236E-06,0,0,0.1,65.84863,-1604.654,3172.759
2.670749,0.2,1,-2.963696E-06,0,0,0.1,65.89452,-1604.641,3172.719
2.661278,0.2,1,-2.459456E-06,0,0,0.1,65.94604,-1604.626,3172.675
2.633308,0.2,1,-2.086243E-06,0,0,0.1,65.99193,-1604.613,3172.636
