Wheel Speed,RPM,Gear,Angle,Throttle,Braking,Clutch,Temp,X,Y
3.527035,0.4084054,1,0,1,0,0.5159789,37.43187,-1650.913,3066.649
3.792755,0.4338444,1,0,1,0,0.5667553,37.56394,-1650.996,3066.7
4.02107,0.4490958,1,0,1,0,0.5971973,37.64267,-1651.048,3066.732
4.240871,0.467351,1,0,1,0,0.6336349,37.73659,-1651.113,3066.772
4.429796,0.4799712,1,0,1,0,0.6588249,37.80125,-1651.16,3066.8
4.569266,0.4961829,1,0,1,0,0.6925919,37.88768,-1651.224,3066.84
4.789647,0.4835318,1,0,1,0,0.7233095,37.966,-1651.285,3066.877
4.881837,0.4710048,1,0,1,0,0.7483135,38.02952,-1651.336,3066.908
5.047213,0.4552065,1,0,1,0,0.7798471,38.10939,-1651.403,3066.949
5.182345,0.4397758,1,0,1,0,0.8112075,38.18854,-1651.471,3066.99
5.353165,0.4262153,1,0,1,0,0.8432677,38.26915,-1651.543,3067.034
5.523258,0.4134884,1,0,1,0,0.8269767,38.34856,-1651.616,3067.079
5.697526,0.4296343,1,0,1,0,0.8592041,38.42899,-1651.692,3067.126
5.870173,0.42136,1,0,1,0,0.84272,38.5069,-1651.768,3067.173
6.042223,0.4373451,1,0,1,0,0.8746265,38.58593,-1651.848,3067.221
6.212027,0.4295152,1,0,1,0,0.8590304,38.66349,-1651.929,3067.271
6.38377,0.44598,1,0,1,0,0.8918943,38.7443,-1652.015,3067.324
6.608243,0.4375542,1,0,1,0,0.8751084,38.82164,-1652.1,3067.376
6.824823,0.4217699,1,0,0,0,0.8435398,38.89853,-1652.184,3067.427
6.587502,0.4059168,1,0,0,0,0.8118337,38.9757,-1652.268,3067.479
6.343919,0.3896455,1,0,0,0,0.7792909,39.05482,-1652.355,3067.531
6.263193,0.3737192,1,0,0,0,0.7474383,39.13221,-1652.439,3067.583
6.213894,0.3579215,1,0,0,0,0.715843,39.20889,-1652.522,3067.633
6.176337,0.3415781,1,0,0,0,0.6831562,39.28816,-1652.607,3067.685
6.143399,0.3258446,1,0,0,0,0.6516892,39.3644,-1652.689,3067.734
6.10632,0.3096023,1,0,0,0,0.6192045,39.44304,-1652.774,3067.785
6.070493,0.2937457,1,0,0,0,0.5874914,39.51974,-1652.855,3067.835
6.034841,0.2776383,1,0,0,0,0.5552765,39.59758,-1652.938,3067.885
6.001532,0.2617728,1,0,0,0,0.5235456,39.67419,-1653.019,3067.934
5.969903,0.2456645,1,0,0,0,0.4913291,39.75191,-1653.101,3067.984
5.941459,0.2296767,1,0,0,0,0.4593534,39.82898,-1653.182,3068.033
5.912488,0.2135619,1,0,0,0,0.4271237,39.90659,-1653.262,3068.083
5.88426,0.2,1,0,0,0,0.4,39.98309,-1653.342,3068.131
5.85607,0.2,1,0,0,0,0.4,40.14401,-1653.508,3068.232
5.79635,0.2121823,1,0,1,0,0.424316,40.20247,-1653.569,3068.269
5.833416,0.2272462,1,0,1,0,0.4543836,40.27464,-1653.645,3068.314
5.907592,0.2431791,1,0,1,0,0.4861858,40.35082,-1653.726,3068.364
5.9918,0.2594592,1,0,1,0,0.518681,40.42847,-1653.81,3068.414
6.08664,0.2755438,1,0,1,0,0.550786,40.50498,-1653.894,3068.465
6.189804,0.2913999,1,0,1,0,0.582435,40.5802,-1653.978,3068.516
6.29796,0.3075259,1,0,1,0,0.6146226,40.65649,-1654.065,3068.569
6.420323,0.3235418,1,0,1,0,0.6465904,40.73202,-1654.153,3068.622
6.548492,0.3394505,1,0,1,0,0.6783444,40.80682,-1654.242,3068.676
6.785676,0.3552944,1,0,1,0,0.709969,40.88107,-1654.332,3068.73
7.028472,0.3715132,1,0,1,0,0.7423418,40.95684,-1654.426,3068.787
7.20625,0.3874234,1,0,1,0,0.7740986,41.03091,-1654.521,3068.844
7.349473,0.4035121,1,0,1,0,0.8062118,41.10554,-1654.618,3068.902
7.494851,0.4194127,1,0,1,0,0.8379496,41.17903,-1654.715,3068.96
7.649333,0.4352019,1,0,1,0,0.8694651,41.25174,-1654.814,3069.02
7.797381,0.4514357,1,0,1,0,0.9018679,41.32623,-1654.918,3069.082
7.952337,0.4674396,1,0,1,0,0.9338117,41.39939,-1655.023,3069.145
8.117684,0.4833431,1,-4.752869,1,0,0.9655553,41.47182,-1655.128,3069.208
8.283371,0.4939972,1,-8.813119,1,0,0.9879944,41.54356,-1655.234,3069.274
8.433621,0.5011047,1,-12.31689,0,0,1,41.61526,-1655.34,3069.34
8.189057,0.4921953,1,-15.43153,0,0,0.9843906,41.68906,-1655.447,3069.409
8.009122,0.481712,1,-18.06413,0,0,0.9634241,41.76162,-1655.551,3069.478
7.943095,0.4730477,1,-20.30747,0,0,0.9460955,41.83338,-1655.652,3069.547
7.909655,0.4602459,1,-22.25604,0,0,0.9204918,41.9056,-1655.753,3069.617
7.88897,0.4443544,1,-23.93154,0,0,0.8887087,41.97765,-1655.852,3069.688
7.873548,0.4283395,1,-25.37831,0,0,0.856679,42.04981,-1655.949,3069.76
7.857333,0.4125401,1,-21.8812,0,0,0.8250803,42.12097,-1656.043,3069.832
7.839078,0.3964336,1,-18.80426,0,0,0.7928672,42.19349,-1656.138,3069.906
7.84216,0.380446,1,-16.17708,0,0,0.760892,42.26543,-1656.231,3069.98
7.866889,0.3645483,1,-13.92788,0,0,0.7290965,42.33693,-1656.322,3070.054
7.872996,0.3487235,1,-11.99903,0,0,0.6974469,42.40804,-1656.412,3070.128
7.867573,0.332906,1,-10.33716,0,0,0.665812,42.47906,-1656.501,3070.202
7.840738,0.3170215,1,-8.898666,0,0,0.634043,42.55032,-1656.59,3070.277
7.805628,0.3011396,1,-7.659981,0,0,0.6022792,42.62151,-1656.678,3070.352
7.766005,0.2851327,1,-6.584848,0,0,0.5702655,42.69318,-1656.767,3070.427
7.72224,0.2694012,1,-5.663037,0,0,0.5388023,42.76457,-1656.855,3070.501
7.66618,0.2541279,1,-4.877063,0,0,0.5082559,42.83525,-1656.941,3070.575
7.611246,0.2399195,1,-4.185779,0,0,0.4798389,42.90733,-1657.029,3070.651
7.555947,0.2261363,1,-3.605911,0,0,0.4522725,42.97768,-1657.115,3070.724
7.499803,0.2131401,1,-3.105666,0,0,0.4262803,43.04803,-1657.2,3070.797
7.450499,0.2026577,1,-2.624193,0,0,0.4053154,43.12654,-1657.295,3070.879
7.382926,0.2,1,-2.290009,0,0,0.4,43.19093,-1657.373,3070.946
7.358306,0.2,1,-1.96745,0,0,0.4,43.26206,-1657.458,3071.02
7.318284,0.2,1,-1.68987,0,0,0.4,43.33321,-1657.543,3071.093
7.272527,0.2,1,-1.414825,0,0,0.4,43.41518,-1657.641,3071.178
7.194403,0.2,1,-1.249248,0,0,0.4,43.47401,-1657.711,3071.238
7.166979,0.2157331,1,-1.07592,1,0,0.4314034,43.5437,-1657.794,3071.311
7.203395,0.2321913,1,-0.9198902,1,0,0.464254,43.61644,-1657.882,3071.387
7.271716,0.2482798,1,-0.7896235,1,0,0.4963668,43.68737,-1657.969,3071.463
7.344983,0.2643031,1,-0.6783971,1,0,0.5283494,43.75784,-1658.055,3071.539
7.42304,0.2800644,1,-0.5845309,1,0,0.5598092,43.82698,-1658.142,3071.615
7.501529,0.2962593,1,-0.5015529,1,0,0.5921344,43.89783,-1658.231,3071.693
7.585943,0.3151,1,-0.4188632,1,0,0.6297404,43.98001,-1658.337,3071.787
7.740891,0.3281226,1,-0.3712352,1,0,0.6557338,44.0366,-1658.41,3071.852
7.804171,0.3440325,1,-0.3197472,1,0,0.68749,44.10557,-1658.502,3071.933
7.897974,0.3600986,1,-0.2750605,1,0,0.7195581,44.17498,-1658.596,3072.016
8.016182,0.3760758,1,-0.2369207,1,0,0.7514486,44.24376,-1658.69,3072.101
8.147967,0.3920899,1,-0.2040754,1,0,0.7834131,44.31245,-1658.787,3072.187
8.335807,0.4080634,1,-0.1759284,1,0,0.8152962,44.38071,-1658.884,3072.275
8.575654,0.4240852,1,-0.1516528,1,0,0.8472759,44.44893,-1658.984,3072.364
8.815667,0.4401181,1,-0.1307699,1,0,0.8792776,44.51691,-1659.085,3072.455
9.053365,0.4559963,1,-0.1129835,1,0,0.9109706,44.58399,-1659.187,3072.547
9.258681,0.4722241,1,-0.09732126,1,0,0.9433614,44.65228,-1659.293,3072.642
9.403379,0.4880747,1,-0.0841822,1,0,0.9749994,44.7187,-1659.398,3072.736
9.556099,0.5038873,1,-0.07287741,1,0,1,44.78469,-1659.505,3072.832
9.70989,0.5197899,1,-0.06306425,1,0,1,44.85078,-1659.614,3072.93
9.866911,0.5358577,1,-0.05451021,1,0,1,44.91727,-1659.726,3073.031
10.02882,0.5517994,1,-0.047197,1,0,1,44.98297,-1659.839,3073.133
10.19525,0.567631,1,-0.04092835,1,0,1,45.04792,-1659.953,3073.236
10.36552,0.5837581,1,-0.03540722,1,0,1,45.11382,-1660.071,3073.343
10.53257,0.5997984,1,-0.03067135,1,0,1,45.17908,-1660.19,3073.45
10.70407,0.6158159,1,-0.02658752,1,0,1,45.24397,-1660.311,3073.559
10.87508,0.6316074,1,-0.02310825,1,0,1,45.30766,-1660.431,3073.669
11.04694,0.6476938,1,-0.02003709,1,0,1,45.37227,-1660.556,3073.782
11.21907,0.6635802,1,-0.01741531,1,0,1,45.4358,-1660.68,3073.895
11.39452,0.6775635,1,-0.01511111,1,0,1,45.49996,-1660.809,3074.012
11.56532,0.6874995,1,-0.01314699,1,0,1,45.56291,-1660.937,3074.128
11.77556,0.6981698,1,-4.520923,1,0,1,45.62651,-1661.068,3074.249
11.98788,0.7089565,1,-8.363027,1,0,1,45.68885,-1661.198,3074.369
12.19558,0.7191469,1,-11.70496,1,0,1,45.75102,-1661.328,3074.493
12.4034,0.7287393,1,-14.68165,1,0,1,45.81451,-1661.463,3074.622
12.61824,0.7382639,1,-17.21417,1,0,1,45.87664,-1661.595,3074.75
12.83159,0.7477019,1,-19.4007,1,0,1,45.93817,-1661.726,3074.881
13.04568,0.7570192,1,-16.89226,1,0,1,46.00025,-1661.86,3075.015
13.26434,0.7691621,1,-14.73272,1,0,1,46.06156,-1661.992,3075.151
13.48263,0.7811102,1,-12.80872,1,0,1,46.12411,-1662.129,3075.292
13.70702,0.7930208,1,-11.20864,1,0,1,46.18386,-1662.261,3075.43
13.92203,0.8056298,1,-9.803539,0,0,1,46.24375,-1662.392,3075.569
13.67923,0.7894106,1,-8.538105,0,0,1,46.30533,-1662.526,3075.711
13.44097,0.7734951,1,-7.455952,0,0,1,46.36572,-1662.657,3075.852
13.1909,0.7567903,1,-6.463466,0,0,1,46.42905,-1662.794,3076
12.9543,0.7409985,1,-5.648937,0,0,1,46.48892,-1662.923,3076.14
12.7137,0.739835,1,-4.924572,0,0,1,46.54976,-1663.052,3076.282
12.47504,0.7379662,1,-4.29779,0,0,1,46.61007,-1663.18,3076.423
12.25574,0.7361932,1,-3.744146,0,0,1,46.67102,-1663.309,3076.566
12.2103,0.7344646,1,-3.265563,0,0,1,46.73142,-1663.436,3076.708
12.15707,0.7324048,1,-2.832648,0,0,1,46.79398,-1663.566,3076.855
12.1144,0.730526,1,-2.475856,0,0,1,46.85333,-1663.69,3076.994
12.06861,0.7295843,1,-2.153737,0,0,1,46.91455,-1663.817,3077.138
12.02004,0.7279687,1,-1.881919,0,0,1,46.97386,-1663.94,3077.277
11.97942,0.7268365,1,-1.642244,0,0,1,47.03363,-1664.063,3077.417
11.93809,0.7256482,1,-1.429625,0,0,1,47.09431,-1664.188,3077.558
11.88845,0.7237368,1,-1.246538,0,0,1,47.15425,-1664.312,3077.698
11.8448,0.7222439,1,-1.088821,0,0,1,47.2134,-1664.433,3077.835
11.79995,0.7206173,1,-0.949737,0,0,1,47.27303,-1664.555,3077.973
11.75554,0.7189078,1,-0.8287905,0,0,1,47.3324,-1664.677,3078.111
11.7107,0.7170858,1,-0.7184331,0,0,1,47.3944,-1664.804,3078.254
11.66502,0.7149605,1,-0.6265705,0,0,1,47.45385,-1664.925,3078.391
11.61524,0.7127585,1,-0.5467337,0,0,1,47.51302,-1665.045,3078.527
11.56675,0.7104961,1,-0.4766977,0,0,1,47.57243,-1665.166,3078.663
11.52036,0.7082755,1,-0.4132231,0,0,1,47.6341,-1665.29,3078.805
11.4854,0.7057599,1,-0.3602394,0,0,1,47.6934,-1665.41,3078.94
11.43653,0.7028694,1,-0.3142132,0,0,1,47.75241,-1665.529,3079.075
11.401,0.700313,1,-0.2738953,0,0,1,47.8116,-1665.649,3079.209
11.36028,0.6975608,1,-0.2388052,0,0,1,47.87062,-1665.767,3079.343
11.31844,0.6948197,1,-0.2071514,0,0,1,47.9316,-1665.89,3079.481
11.27944,0.6922718,1,-0.1805238,0,0,1,47.99065,-1666.009,3079.614
11.23982,0.6896998,1,-0.1573091,0,0,1,48.04965,-1666.127,3079.747
11.20253,0.6870831,1,-0.1370217,0,0,1,48.10874,-1666.245,3079.88
11.1635,0.6846911,1,-0.118878,0,0,1,48.16933,-1666.366,3080.015
11.12735,0.6824378,1,-0.1035389,0,0,1,48.22829,-1666.484,3080.147
11.09151,0.6801895,1,-0.09002712,0,0,1,48.28784,-1666.602,3080.28
11.05083,0.6776928,1,-0.07829475,0,0,1,48.34723,-1666.72,3080.412
11.02538,0.6765319,1,-0.06814909,0,0,1,48.40621,-1666.837,3080.542
11.00762,0.675744,1,-0.05937598,0,0,1,48.46473,-1666.953,3080.672
10.99093,0.67496,1,-0.05147913,0,0,1,48.5251,-1667.073,3080.805
10.97901,0.6742291,1,-0.04485754,0,0,1,48.58342,-1667.188,3080.933
10.97271,0.6734498,1,-0.03900895,0,0,1,48.64245,-1667.305,3081.063
10.94032,0.6719738,1,-0.03383701,0,0,1,48.7024,-1667.423,3081.194
10.91518,0.6708386,1,-0.02943775,0,0,1,48.7611,-1667.538,3081.323
10.88395,0.6691124,1,-0.02562637,0,0,1,48.81949,-1667.652,3081.45
10.85388,0.667352,1,-0.02228744,0,0,1,48.87817,-1667.766,3081.578
10.82489,0.6655679,1,-0.01932699,0,0,1,48.93791,-1667.883,3081.708
10.79393,0.6636724,1,-0.01682048,0,0,1,48.99616,-1667.996,3081.835
10.75942,0.6616048,1,-0.01460089,0,0,1,49.05535,-1668.11,3081.964
10.72206,0.6594825,1,-0.01270842,0,0,1,49.11341,-1668.222,3082.09
10.69656,0.6578366,1,-0.01101303,0,0,1,49.1731,-1668.337,3082.219
10.66417,0.6556361,1,-0.009576439,0,0,1,49.23138,-1668.449,3082.345
10.62915,0.6536089,1,-0.008330761,0,0,1,49.28942,-1668.559,3082.47
10.59174,0.6515333,1,-0.007235315,0,0,1,49.34802,-1668.671,3082.596
10.55632,0.649515,1,-0.006302875,0,0,1,49.40538,-1668.78,3082.72
10.51349,0.6470314,1,-0.005451072,0,0,1,49.46544,-1668.894,3082.848
10.48144,0.6449152,1,-0.004741017,0,0,1,49.52326,-1669.003,3082.972
10.44738,0.6425929,1,-0.004110216,0,0,1,49.58224,-1669.115,3083.098
10.40666,0.6404306,1,-0.003573445,0,0,1,49.64005,-1669.223,3083.221
10.38218,0.6389036,1,-0.003104923,0,0,1,49.69802,-1669.332,3083.344
10.35019,0.6369046,1,-0.002698948,0,0,1,49.75575,-1669.44,3083.466
10.32364,0.6350935,1,-0.002333099,0,0,1,49.81553,-1669.552,3083.592
10.3074,0.6337227,1,-0.00202743,0,0,1,49.87322,-1669.66,3083.714
10.27822,0.6317325,1,-0.001757278,0,0,1,49.93183,-1669.769,3083.837
10.25087,0.629873,1,-0.001526491,0,0,1,49.98951,-1669.876,3083.958
10.22234,0.6279519,1,-0.001322593,0,0,1,50.04811,-1669.984,3084.081
10.19401,0.6260563,1,-0.001147205,0,0,1,50.10621,-1670.092,3084.202
10.16308,0.6241167,1,-0.0009899185,0,0,1,50.1662,-1670.202,3084.328
10.13032,0.6220673,1,-0.0008598528,0,0,1,50.22361,-1670.307,3084.448
10.09722,0.6200078,1,-0.0007449037,0,0,1,50.28194,-1670.414,3084.569
10.06596,0.6180887,1,-0.0006467451,0,0,1,50.33937,-1670.518,3084.688
10.03384,0.6161347,1,-0.0005614658,0,0,1,50.39676,-1670.623,3084.807
10.00172,0.6141788,1,-0.0004854758,0,0,1,50.45559,-1670.729,3084.928
9.969325,0.6122128,1,-0.0004213628,0,0,1,50.51292,-1670.833,3085.046
9.936233,0.6101676,1,-4.517107,0,0,1,50.57001,-1670.936,3085.164
9.902157,0.6076974,1,-8.456272,0,0,1,50.62729,-1671.037,3085.282
9.853737,0.604803,1,-11.95865,0,0,1,50.68589,-1671.14,3085.404
9.838155,0.6012542,1,-14.92439,0,0,1,50.74323,-1671.239,3085.523
9.844877,0.5980737,1,-17.53341,0,0,1,50.80132,-1671.338,3085.645
9.849172,0.5946025,1,-19.75886,0,0,1,50.85851,-1671.433,3085.765
9.850638,0.5910857,1,-21.72278,0,0,1,50.91663,-1671.529,3085.887
9.848812,0.5876162,1,-23.39082,0,0,1,50.97363,-1671.621,3086.007
9.843654,0.5841938,1,-24.86692,0,0,1,51.03171,-1671.713,3086.129
9.835627,0.5808409,1,-26.12345,0,0,1,51.08882,-1671.801,3086.25
9.823833,0.577431,1,-27.23178,0,0,1,51.14687,-1671.89,3086.373
9.815031,0.5745997,1,-23.53672,0,0,1,51.2049,-1671.976,3086.497
9.80154,0.5748099,1,-20.41792,0,0,1,51.2615,-1672.059,3086.617
9.799136,0.5738841,1,-17.67114,0,0,1,51.31889,-1672.141,3086.74
9.817063,0.5724973,1,-15.31621,0,0,1,51.37568,-1672.22,3086.861
9.816067,0.5706838,1,-13.26003,0,0,1,51.43281,-1672.299,3086.983
9.795948,0.5687405,1,-11.40679,0,0,1,51.49221,-1672.381,3087.111
9.760148,0.5666497,1,-9.868308,0,0,1,51.54946,-1672.458,3087.233
9.71098,0.5643914,1,-8.545561,0,0,1,51.60627,-1672.535,3087.354
9.655191,0.5621696,1,-7.397192,0,0,1,51.66316,-1672.61,3087.476
9.595235,0.5600278,1,-6.39653,0,0,1,51.72035,-1672.686,3087.598
9.533591,0.5577126,1,-5.532691,0,0,1,51.77737,-1672.76,3087.719
9.46758,0.5556254,1,-4.791125,0,0,1,51.83389,-1672.834,3087.84
9.396911,0.5532948,1,-4.145101,0,0,1,51.89068,-1672.907,3087.96
9.325253,0.5486642,1,-3.574821,0,1,1,51.94854,-1672.98,3088.081
9.087951,0.5355841,1,-3.091287,0,1,1,52.00538,-1673.049,3088.196
8.846045,0.5226213,1,-2.663296,0,1,1,52.06351,-1673.118,3088.31
8.608565,0.5093661,1,-2.299794,0,1,1,52.12076,-1673.183,3088.42
8.367373,0.4961573,1,-1.979677,0,1,0.9923146,52.1791,-1673.247,3088.528
8.130362,0.482892,1,-1.707774,0,1,0.965784,52.23661,-1673.308,3088.632
7.889631,0.4690404,1,-1.468583,0,1,0.9380808,52.29521,-1673.368,3088.735
7.651776,0.4531517,1,-1.26453,0,1,0.9063033,52.35329,-1673.426,3088.834
7.410656,0.4370448,1,-1.085727,0,1,0.8740897,52.41234,-1673.482,3088.931
7.172822,0.4211575,1,-0.9337139,0,1,0.842315,52.47076,-1673.536,3089.025
6.931436,0.4050329,1,-0.8005325,0,1,0.8100659,52.53022,-1673.59,3089.117
6.693931,0.3891676,1,-0.6877611,0,1,0.7783352,52.58889,-1673.64,3089.205
6.456239,0.3732898,1,-0.5904474,0,1,0.7465796,52.64777,-1673.689,3089.291
6.220351,0.3575324,1,-0.5072412,0,1,0.7150649,52.70636,-1673.737,3089.373
5.981615,0.3415849,1,-0.4346516,0,1,0.6831698,52.76581,-1673.783,3089.454
5.743232,0.3256609,1,-0.3723377,0,1,0.6513219,52.82531,-1673.828,3089.533
5.503901,0.3096736,1,-0.3185702,0,1,0.6193473,52.88518,-1673.871,3089.61
5.26636,0.2938059,1,-0.2727605,0,1,0.5876117,52.94474,-1673.913,3089.683
5.024684,0.2776619,1,-0.2327271,0,1,0.5553239,53.00548,-1673.954,3089.755
4.784978,0.2616496,1,-0.1987369,0,1,0.5232992,53.06587,-1673.994,3089.825
4.546558,0.2457231,1,-0.1697731,0,1,0.4914462,53.12607,-1674.031,3089.891
4.307008,0.2297211,1,-0.1448335,0,1,0.4594423,53.18669,-1674.068,3089.955
4.067027,0.2136904,1,-0.1234507,0,1,0.4273809,53.24756,-1674.103,3090.017
3.830189,0.2,1,-0.1054056,0,1,0.4,53.30777,-1674.136,3090.076
3.588571,0.2,1,-0.0896375,0,1,0.4,53.36934,-1674.169,3090.133
3.349898,0.2,1,-0.07634907,0,1,0.4,53.43029,-1674.2,3090.188
3.110423,0.2,1,-0.06495655,0,1,0.4,53.49158,-1674.229,3090.24
2.872853,0.2,1,-0.05531066,0,1,0.4,53.55253,-1674.257,3090.289
2.631508,0.2,1,-0.04694049,0,1,0.4,53.61458,-1674.284,3090.336
2.394122,0.2,1,-0.03993133,0,1,0.4,53.67575,-1674.309,3090.38
2.153369,0.2,1,-0.03386534,0,1,0.4,53.73792,-1674.333,3090.423
1.914691,0.2,1,-0.02874908,0,1,0.4,53.7997,-1674.355,3090.463
1.673806,0.2,1,-0.02435194,0,1,0.4,53.86219,-1674.376,3090.5
1.436611,0.2,1,-0.02067287,0,1,0.4,53.92385,-1674.395,3090.534
1.200335,0.2,1,-0.01755214,0,1,0.4,53.98542,-1674.413,3090.566
0.9556311,0.2,1,-0.01479958,0,1,0.4,54.04931,-1674.43,3090.597
0.7181932,0.2,1,-0.01254047,0,1,0.4,54.11145,-1674.446,3090.624
0.4777507,0.2,1,-0.01059604,0,1,0.4,54.17451,-1674.46,3090.649
0.2404282,0.2,1,-0.008969385,0,1,0.4,54.23689,-1674.472,3090.671
0,0.2,1,-0.007526644,0,1,0.4,54.30219,-1674.484,3090.692
0,0.2,1,-0.006382319,0,1,0.4,54.36386,-1674.493,3090.708
0,0.2,1,-0.005393973,0,1,0.4,54.42662,-1674.502,3090.723
0,0.2,1,-0.004543896,0,0,0.1,54.49043,-1674.509,3090.738
0,0.2,1,-0.003833452,0,0,0.1,54.55365,-1674.515,3090.753
0.2401305,0.2,1,-0.003230034,0,0,0.1,54.61723,-1674.519,3090.768
0.477702,0.2,1,-0.002726714,0,0,0.1,54.68008,-1674.524,3090.782
0.719322,0.2,1,-0.002294332,0,0,0.1,54.74397,-1674.528,3090.796
0.9591405,0.2,1,-0.001932621,0,0,0.1,54.80742,-1674.53,3090.807
0.9188685,0.2,1,-0.001628907,0,0,0.1,54.87061,-1674.532,3090.816
0.7972417,0.2,1,-0.001371636,0,0,0.1,54.93405,-1674.531,3090.822
0.6129564,0.2,1,-0.001156209,0,0,0.1,54.99709,-1674.53,3090.827
0.4523843,0.2,1,-0.0009705977,0,0,0.1,55.06145,-1674.528,3090.831
0.3234984,0.2,1,-0.0008174607,0,0,0.1,55.12464,-1674.526,3090.833
0.2229223,0.2,1,-0.0006847319,0,0,0.1,55.18959,-1674.523,3090.835
0.1576785,0.2,1,-0.0005776051,0,0,0.1,55.2521,-1674.521,3090.836
0.1134562,0.2,1,-0.0004846203,0,0,0.1,55.31634,-1674.518,3090.837
0.08696035,0.2,1,-0.0004072701,0,0,0.1,55.37993,-1674.516,3090.839
0.07625477,0.2,1,-0.0003422758,0,0,0.1,55.44342,-1674.513,3090.839
0.07651883,0.2,1,-0.0002882076,0,0,0.1,55.50618,-1674.511,3090.84
0.07528541,0.2,1,-0.0002417932,0,0,0.1,55.57008,-1674.509,3090.841
0.07384338,0.2,1,-0.0002031974,0,0,0.1,55.63332,-1674.507,3090.842
0.07251354,0.2,1,-0.0001706844,0,0,0.1,55.69663,-1674.505,3090.843
0.07119092,0.2,1,-0.000143759,0,0,0.1,55.75897,-1674.503,3090.843
0.06990626,0.2,1,-0.0001206417,0,0,0.1,55.82243,-1674.502,3090.843
0.06797852,0.2,1,-0.0001015099,0,0,0.1,55.88493,-1674.5,3090.844
0.06280245,0.2,1,-8.531758E-05,0,0,0.1,55.9477,-1674.499,3090.844
0.06020725,0.2,1,-7.187511E-05,0,0,0.1,56.00963,-1674.498,3090.845
0.05767442,0.2,1,-5.998164E-05,0,0,0.1,56.07459,-1674.497,3090.845
0.05539761,0.2,1,-5.056668E-05,0,0,0.1,56.13612,-1674.496,3090.845
0.05330609,0.2,1,-4.251166E-05,0,0,0.1,56.19848,-1674.495,3090.845
0.05131759,0.2,1,-3.569518E-05,0,0,0.1,56.26117,-1674.494,3090.846
0.04895978,0.2,1,-2.995925E-05,0,0,0.1,56.32392,-1674.494,3090.846
0.04663647,0.2,1,-2.525669E-05,0,0,0.1,56.38512,-1674.493,3090.846
0.04434232,0.2,1,-2.118888E-05,0,0,0.1,56.44785,-1674.492,3090.846
0.04228468,0.2,1,-1.782218E-05,0,0,0.1,56.50964,-1674.492,3090.846
0.04012959,0.2,1,-1.45594E-05,0,0,0.1,56.58075,-1674.491,3090.846
0.03712568,0.2,1,-1.262148E-05,0,0,0.1,56.63236,-1674.491,3090.846
0.03588816,0.2,1,-1.061501E-05,0,0,0.1,56.69394,-1674.49,3090.846
0.0340969,0.2,1,-8.943401E-06,0,0,0.1,56.75486,-1674.49,3090.846
0.03265362,0.2,1,-7.491601E-06,0,0,0.1,56.81757,-1674.489,3090.846
0.03107868,0.2,1,-6.305972E-06,0,0,0.1,56.87862,-1674.489,3090.846
0.02965701,0.2,1,-5.299281E-06,0,0,0.1,56.94013,-1674.489,3090.846
0.02819545,0.2,1,-4.461602E-06,0,0,0.1,57.00095,-1674.488,3090.846
0.02690675,0.2,1,-3.629545E-06,0,0,0.1,57.07261,-1674.488,3090.846
0.02508565,0.2,1,-3.141483E-06,0,0,0.1,57.1242,-1674.488,3090.846
0.02425059,0.2,1,-2.64407E-06,0,0,0.1,57.18488,-1674.487,3090.846
0.0236968,0.2,1,-2.219443E-06,0,0,0.1,57.24634,-1674.487,3090.846
0.02316391,0.2,1,-1.868236E-06,0,0,0.1,57.30682,-1674.487,3090.846
0.02346352,0.2,1,-1.568026E-06,0,0,0.1,57.36815,-1674.486,3090.846
0.02311887,0.2,1,-1.317099E-06,0,0,0.1,57.42915,-1674.486,3090.846
0.02264673,0.2,1,-1.107854E-06,0,0,0.1,57.48962,-1674.486,3090.846
0.02211369,0.2159912,1,-9.310485E-07,-1,0,0.1,57.55028,-1674.485,3090.845
0.02174816,0.2320026,0,-7.822725E-07,-1,0,0.1319588,57.61084,-1674.484,3090.843
0.1204717,0.2480072,0,-6.573225E-07,-1,0,0.1639042,57.67123,-1674.482,3090.84
0.1670696,0.2640185,0,-5.52287E-07,-1,0,0.1958628,57.73152,-1674.48,3090.836
0.2114543,0.2799619,0,-4.644093E-07,-1,0,0.227686,57.79142,-1674.478,3090.833
0.2575765,0.2959495,0,-3.903095E-07,-1,0,0.2595974,57.85135,-1674.475,3090.828
0.3044631,0.3119644,0,-3.279267E-07,-1,0,0.2915632,57.91124,-1674.472,3090.822
0.3557933,0.3279275,0,-2.756841E-07,-1,0,0.3234256,57.97079,-1674.468,3090.816
0.4192725,0.3438044,0,-2.320014E-07,-1,0,0.355116,58.02985,-1674.463,3090.808
0.4971423,0.3598904,0,-1.947561E-07,-1,0,0.3872238,58.08951,-1674.458,3090.798
0.5914306,0.3758121,0,-1.638096E-07,-1,0,0.4190036,58.14835,-1674.452,3090.787
0.7068529,0.3916282,0,-1.379529E-07,-1,0,0.4505728,58.20658,-1674.444,3090.774
0.8502167,0.4075067,0,-1.160918E-07,-1,0,0.4822664,58.2648,-1674.436,3090.759
1.008209,0.4237525,0,-9.726934E-08,-1,0,0.5146932,58.32411,-1674.425,3090.741
1.168585,0.4397817,0,-8.170897E-08,-1,0,0.5466876,58.38237,-1674.414,3090.721
1.338546,0.4556472,0,-6.877134E-08,-1,0,0.5783552,58.43978,-1674.402,3090.699
1.509559,0.4412664,0,-5.790712E-08,-1,0,0.6099504,58.4968,-1674.388,3090.676
1.682246,0.4253604,0,-4.871483E-08,-1,0,0.6416988,58.55383,-1674.373,3090.649
1.854449,0.4093603,0,-4.093594E-08,-1,0,0.6736352,58.61094,-1674.357,3090.621
2.027449,0.3935145,0,-3.446225E-08,-1,0,0.7052636,58.66724,-1674.339,3090.59
2.201358,0.3773775,0,-2.891221E-08,-1,0,0.737473,58.72432,-1674.32,3090.557
2.374017,0.3613302,0,-2.428184E-08,-1,0,0.7226604,58.78082,-1674.299,3090.521
2.550673,0.3521829,0,-2.040711E-08,-1,0,0.7043658,58.83685,-1674.278,3090.484
2.726699,0.3681114,0,-1.716305E-08,-1,0,0.7361593,58.89242,-1674.255,3090.444
2.900496,0.3553071,0,-1.44383E-08,-1,0,0.7106141,58.94766,-1674.231,3090.403
3.073454,0.3714387,0,-1.211382E-08,-1,0,0.7428129,59.00343,-1674.206,3090.359
3.245507,0.3643187,0,-1.020367E-08,-1,0,0.7286374,59.0578,-1674.18,3090.313
3.420482,0.3804672,0,-8.559219E-09,-1,0,0.76087,59.11312,-1674.152,3090.265
3.592515,0.3646457,0,-7.207728E-09,-1,0,0.7292915,59.16707,-1674.123,3090.215
3.75811,0.3804957,0,-6.067587E-09,-1,0,0.7609281,59.22089,-1674.093,3090.163
3.924925,0.3782737,0,-5.106245E-09,-1,0,0.7565473,59.27455,-1674.062,3090.109
4.095579,0.3880148,0,-4.270235E-09,-1,0,0.7760296,59.32976,-1674.029,3090.051
4.324933,0.3818176,0,-3.596738E-09,-1,0,0.7636353,59.38269,-1673.996,3089.994
4.545876,0.3976905,0,-3.026972E-09,-1,0,0.7953176,59.43563,-1673.961,3089.934
4.766999,0.3832381,0,-2.548144E-09,-1,0,0.7664762,59.48826,-1673.925,3089.872
4.988598,0.399599,0,-2.132075E-09,-1,0,0.7991328,59.54234,-1673.887,3089.806
5.21058,0.3965082,0,-1.794425E-09,-1,0,0.7930163,59.59455,-1673.849,3089.741
5.432431,0.4086871,0,-1.50635E-09,-1,0,0.8173741,59.64725,-1673.809,3089.672
5.657325,0.4002289,0,-1.265958E-09,-1,0,0.8004577,59.6994,-1673.768,3089.602
5.880883,0.4162565,0,-1.063459E-09,-1,0,0.8324491,59.75144,-1673.726,3089.53
6.102528,0.4076567,0,-8.94071E-10,-1,0,0.8153135,59.80303,-1673.683,3089.456
6.325658,0.4236542,0,-7.513281E-10,-1,0,0.8472444,59.85451,-1673.638,3089.381
6.546975,0.4156649,0,-6.316775E-10,-1,0,0.8313299,59.90564,-1673.593,3089.303
6.770065,0.4316884,0,-5.306629E-10,-1,0,0.8633129,59.95675,-1673.546,3089.223
6.992347,0.4234091,0,-4.459569E-10,-1,0,0.8468183,60.00754,-1673.499,3089.142
7.215957,0.439524,0,-3.74235E-10,-1,0,0.8789837,60.05848,-1673.449,3089.057
7.439494,0.4324036,0,-3.150018E-10,-1,0,0.8648072,60.10839,-1673.4,3088.973
7.661221,0.4483048,0,-2.650126E-10,-1,0,0.8965462,60.1582,-1673.349,3088.886
7.882535,0.4401177,0,-2.224336E-10,-1,0,0.8802353,60.20842,-1673.297,3088.796
8.107609,0.4561188,0,-1.869127E-10,-1,0,0.9121737,60.2581,-1673.244,3088.705
8.329667,0.4502974,0,-1.570347E-10,-1,0,0.9005948,60.3076,-1673.189,3088.611
8.553596,0.4661623,0,-1.321711E-10,-1,0,0.9322612,60.35641,-1673.134,3088.517
8.775066,0.4586937,0,-1.111906E-10,-1,0,0.9173874,60.40513,-1673.078,3088.421
8.997436,0.4744958,0,-9.365521E-11,-1,0,0.9489286,60.45331,-1673.021,3088.323
9.217216,0.4692838,0,-7.883549E-11,-1,0,0.9385676,60.50144,-1672.963,3088.223
9.438885,0.4840816,0,-6.586721E-11,-1,0,0.9681633,60.55125,-1672.901,3088.117
9.669324,0.479532,0,-5.540189E-11,-1,0,0.959064,60.59912,-1672.841,3088.013
9.8919,0.4948327,0,-4.66648E-11,-1,0,0.9896653,60.64642,-1672.779,3087.908
10.11282,0.5003987,0,-3.903636E-11,-1,0,1,60.69521,-1672.714,3087.797
10.34183,0.5109517,0,-3.286877E-11,-1,0,1,60.74215,-1672.651,3087.688
10.56316,0.521419,0,-2.763617E-11,-1,0,1,60.78922,-1672.585,3087.576
10.78617,0.5317764,0,-2.321761E-11,-1,0,1,60.83627,-1672.519,3087.461
11.01015,0.5421833,0,-1.951473E-11,-1,0,1,60.88297,-1672.451,3087.345
11.23356,0.5525768,0,-1.642395E-11,-1,0,1,60.92913,-1672.383,3087.228
11.45543,0.5629052,0,-1.378539E-11,-1,0,1,60.97574,-1672.312,3087.107
11.68049,0.5732943,0,-1.158803E-11,-1,0,1,61.02175,-1672.241,3086.985
11.90378,0.5836854,0,-9.734557E-12,-1,0,1,61.0677,-1672.169,3086.86
12.12785,0.5943323,0,-8.196887E-12,-1,0,1,61.11286,-1672.097,3086.735
12.34913,0.6046074,0,-6.871073E-12,-1,0,1,61.15888,-1672.022,3086.605
12.57571,0.6148639,0,-5.772903E-12,-1,0,1,61.20413,-1671.946,3086.475
12.79961,0.6253887,0,-4.862066E-12,-1,0,1,61.24858,-1671.871,3086.344
13.02063,0.6358396,0,-4.087904E-12,-1,0,1,61.29323,-1671.794,3086.211
13.24368,0.6462267,0,-3.429526E-12,-1,0,1,61.33816,-1671.715,3086.073
13.4693,0.6571412,0,-2.880305E-12,-1,0,1,61.38262,-1671.635,3085.935
13.69364,0.6675783,0,-2.430804E-12,-1,0,1,61.42573,-1671.557,3085.798
13.91226,0.6779138,0,-2.046907E-12,-1,0,1,61.46914,-1671.476,3085.657
14.1335,0.6880798,0,-1.722878E-12,-1,0,1,61.51244,-1671.394,3085.515
14.35526,0.6984913,0,-1.450729E-12,-1,0,1,61.55543,-1671.311,3085.37
14.57654,0.708654,0,-1.221437E-12,-1,0,1,61.59821,-1671.227,3085.223
14.79796,0.7195039,0,-1.028031E-12,-1,0,1,61.64085,-1671.141,3085.074
15.01977,0.7304536,0,-8.647289E-13,-1,0,1,61.68339,-1671.054,3084.923
15.2423,0.7411127,0,-7.273702E-13,-1,0,1,61.72571,-1670.966,3084.769
15.46482,0.7517113,0,-6.12378E-13,-1,0,1,61.7676,-1670.877,3084.614
15.68629,0.7622335,0,-5.150112E-13,-1,0,1,61.80952,-1670.787,3084.457
15.90902,0.7726646,0,-4.336425E-13,-1,0,1,61.85095,-1670.696,3084.298
16.13035,0.7829617,0,-3.649266E-13,-1,0,1,61.8923,-1670.603,3084.137
16.35234,0.7932615,0,-3.070197E-13,-1,0,1,61.93348,-1670.51,3083.974
16.57463,0.8035355,0,-2.583454E-13,-1,0,1,61.97442,-1670.415,3083.809
16.79515,0.8136408,0,-2.174617E-13,-1,0,1,62.01508,-1670.319,3083.643
17.01079,0.82343,0,-1.830134E-13,-1,0,1,62.05557,-1670.222,3083.475
17.2223,0.8331164,0,-1.540501E-13,-1,0,1,62.09582,-1670.124,3083.305
17.42932,0.8424299,0,-1.296582E-13,-1,0,1,62.13588,-1670.025,3083.133
17.6323,0.8520316,0,-1.088988E-13,-1,0,1,62.17618,-1669.923,3082.958
17.83325,0.8614979,0,-9.172348E-14,-1,0,1,62.21567,-1669.821,3082.783
18.02702,0.8701147,0,-7.692885E-14,-1,0,1,62.25585,-1669.717,3082.603
18.22129,0.8790306,0,-6.474693E-14,-1,0,1,62.29509,-1669.613,3082.424
18.40806,0.8879089,0,-5.429406E-14,-1,0,1,62.3349,-1669.506,3082.24
18.59445,0.8967469,0,-4.562221E-14,-1,0,1,62.37408,-1669.399,3082.056
18.7749,0.9054837,0,-3.842508E-14,-1,0,1,62.41259,-1669.292,3081.873
18.94928,0.9139755,0,-3.199991E-14,-1,0,1,62.4532,-1669.178,3081.677
19.13012,0.9245936,0,-2.691103E-14,-1,0,1,62.49162,-1669.069,3081.489
19.29739,0.9311907,0,-2.26547E-14,-1,0,1,62.52964,-1668.959,3081.3
19.40462,0.9387662,0,-1.906345E-14,-1,0,1,62.56756,-1668.848,3081.109
19.40462,0.9444636,0,-1.604334E-14,-1,0,1,62.60526,-1668.735,3080.916
19.40462,0.9496143,0,-1.340102E-14,-1,0,1,62.64426,-1668.618,3080.714
19.40462,0.9530336,0,5.389353,-1,0,1,62.68128,-1668.504,3080.521
19.40462,0.9551345,0,9.962063,-1,0,1,62.71836,-1668.387,3080.325
19.40462,0.9556701,0,13.91155,-1,0,1,62.75625,-1668.264,3080.125
19.40462,0.9396932,0,17.16251,0,0,0.1,62.79332,-1668.144,3079.928
19.16701,0.9238209,0,19.87719,0,0,0.1,62.83023,-1668.023,3079.734
18.92599,0.9077204,0,22.19469,0,0,0.1,62.86766,-1667.9,3079.539
18.68633,0.8917113,0,24.12878,0,0,0.1,62.90488,-1667.778,3079.345
18.44952,0.8758924,0,25.73454,0,0,0.1,62.94165,-1667.656,3079.155
18.20176,0.8593417,0,27.14935,0,0,0.1,62.98014,-1667.529,3078.957
17.96887,0.8437852,0,28.25952,0,0,0.1,63.01632,-1667.409,3078.772
17.73366,0.8280729,0,29.20672,0,0,0.1,63.05288,-1667.288,3078.585
17.4902,0.81181,0,30.03339,0,0,0.1,63.09073,-1667.162,3078.394
17.25358,0.7960039,0,30.70642,0,0,0.1,63.12754,-1667.041,3078.208
17.0079,0.7795924,0,31.29501,0,0,0.1,63.16578,-1666.914,3078.016
16.76918,0.7636462,0,31.77323,0,0,0.1,63.20298,-1666.792,3077.83
16.52984,0.7476582,0,32.17641,0,0,0.1,63.24031,-1666.67,3077.645
16.29064,0.7316797,0,32.51505,0,0,0.1,63.27766,-1666.548,3077.46
16.05317,0.7158164,0,32.79764,0,0,0.1,63.3148,-1666.428,3077.277
15.81045,0.6996031,0,33.04073,0,0,0.1,63.35283,-1666.306,3077.091
15.57298,0.6837399,0,33.24009,0,0,0.1,63.39011,-1666.188,3076.909
15.33521,0.6678566,0,33.4081,0,0,0.1,63.42752,-1666.07,3076.728
15.13456,0.6517243,0,33.5517,0,0,0.1,63.46563,-1665.952,3076.545
15.24606,0.6359142,0,33.66977,0,0,0.1,63.50308,-1665.837,3076.365
15.35441,0.6197629,0,33.77136,0,0,0.1,63.54146,-1665.722,3076.182
15.44848,0.6039215,0,33.85493,0,0,0.1,63.57922,-1665.61,3076.003
15.52462,0.5877985,0,33.92655,0,0,0.1,63.61776,-1665.499,3075.82
15.5797,0.571934,0,33.98568,0,0,0.1,63.6558,-1665.391,3075.64
15.61523,0.5560334,0,34.03556,0,0,0.1,63.69405,-1665.286,3075.458
15.63048,0.540153,0,34.07747,0,0,0.1,63.73236,-1665.183,3075.276
15.62099,0.5238244,0,34.11373,0,0,0.1,63.77187,-1665.081,3075.089
15.59551,0.5078197,0,34.14348,0,0,0.1,63.81071,-1664.984,3074.905
15.40919,0.4918139,0,34.16849,0,0,0.1,63.84967,-1664.889,3074.72
15.48973,0.4759443,0,34.18932,0,0,0.1,63.88842,-1664.798,3074.536
15.42679,0.4598625,0,34.20708,0,0,0.1,63.9278,-1664.709,3074.349
15.35162,0.4438295,0,34.22195,0,0,0.1,63.96717,-1664.622,3074.162
15.26053,0.4279114,0,34.23434,0,0,0.1,64.00639,-1664.538,3073.976
15.19407,0.4118907,0,34.24484,0,0,0.1,64.046,-1664.456,3073.789
15.08996,0.3959142,0,34.25364,0,1,0.1318894,64.08562,-1664.376,3073.603
14.85073,0.3799335,0,34.26103,0,1,0.163787,64.12547,-1664.298,3073.417
14.61318,0.3640652,0,34.2672,0,1,0.1954602,64.16524,-1664.223,3073.234
14.37169,0.3479337,0,34.27248,0,1,0.2276588,64.20586,-1664.148,3073.048
14.13304,0.3319918,0,34.27686,0,1,0.259479,64.24623,-1664.076,3072.866
13.89227,0.315908,0,28.77484,0,1,0.2915824,64.28719,-1664.005,3072.684
13.65439,0.3000175,0,24.2115,0,1,0.3233,64.32789,-1663.937,3072.504
13.41604,0.2840958,0,20.36431,0,1,0.3550798,64.36888,-1663.87,3072.326
13.17273,0.2678429,0,17.06112,0,1,0.3875208,64.41096,-1663.804,3072.146
12.93431,0.2519166,0,14.34934,0,1,0.4193098,64.45242,-1663.74,3071.971
12.69566,0.2359744,0,12.06632,0,1,0.4511304,64.49416,-1663.678,3071.797
12.45684,0.2204153,0,10.14523,0,1,0.4408307,64.53618,-1663.617,3071.625
12.21955,0.2045645,0,8.540333,0,1,0.409129,64.57819,-1663.558,3071.456
11.97817,0.2,0,7.165996,0,1,0.4,64.62119,-1663.499,3071.287
11.73797,0.2,0,6.018476,0,1,0.4,64.66426,-1663.442,3071.12
11.50077,0.2,0,5.066763,0,1,0.4,64.70705,-1663.387,3070.957
11.26393,0.2,0,4.266737,0,1,0.4,64.75002,-1663.334,3070.797
11.01961,0.2,0,3.571779,0,1,0.4,64.79461,-1663.281,3070.634
10.77894,0.2,0,2.998701,0,1,0.4,64.83878,-1663.23,3070.475
10.54123,0.2,0,2.523488,0,1,0.4,64.88263,-1663.182,3070.32
10.30219,0.2,0,2.121342,0,1,0.4,64.92697,-1663.136,3070.167
10.06408,0.2,0,1.784609,0,1,0.4,64.97138,-1663.092,3070.017
9.823843,0.2,0,1.498784,0,1,0.4,65.01645,-1663.05,3069.867
9.586807,0.2,0,1.26194,0,1,0.4,65.06117,-1663.009,3069.722
9.349141,0.2,0,1.061993,0,1,0.4,65.10629,-1662.97,3069.58
9.106377,0.2,0,0.8901172,0,1,0.4,65.15264,-1662.931,3069.437
8.865254,0.2,0,0.7470326,0,1,0.4,65.19897,-1662.894,3069.298
8.6158,0.2,0,0.6227989,0,1,0.4,65.24721,-1662.857,3069.156
8.388039,0.2,0,0.5282325,0,1,0.4,65.29153,-1662.823,3069.03
8.147397,0.2,0,0.4434892,0,1,0.4,65.33864,-1662.789,3068.898
7.909749,0.2,0,0.3732263,0,1,0.4,65.38541,-1662.756,3068.77
7.671835,0.2,0,0.3140292,0,1,0.4,65.43246,-1662.723,3068.643
7.430304,0.2,0,0.2634639,0,1,0.4,65.48047,-1662.691,3068.516
7.191268,0.2,0,0.2214791,0,1,0.4,65.5282,-1662.659,3068.392
6.954208,0.2,0,0.1864766,0,1,0.4,65.57575,-1662.628,3068.271
6.711106,0.2,0,0.1562547,0,1,0.4,65.62473,-1662.597,3068.148
6.473325,0.2,0,0.131485,0,1,0.4,65.67282,-1662.568,3068.029
6.233745,0.2,0,0.1104842,0,1,0.4,65.72146,-1662.538,3067.909
5.993295,0.2,0,0.09277361,0,1,0.4,65.77046,-1662.508,3067.791
5.755182,0.2,0,0.07804654,0,1,0.4,65.81916,-1662.479,3067.674
5.51579,0.2159914,0,0.0655907,1,0,0.1,65.86829,-1662.45,3067.556
5.75721,0.2321183,1,0.05503407,1,0,0.1321894,65.91803,-1662.42,3067.439
5.994837,0.2479918,1,0.04633036,1,0,0.163873,65.96693,-1662.391,3067.324
6.234004,0.2639682,1,0.03898009,1,0,0.195762,66.01585,-1662.362,3067.21
5.99409,0.2799945,1,0.0327968,1,0,0.1,66.06463,-1662.332,3067.097
5.756649,0.2958556,1,0.02766393,1,0,0.1,66.11263,-1662.303,3066.987
5.519971,0.3116656,1,0.02336046,1,0,0.1,66.1602,-1662.275,3066.879
5.282074,0.3275571,1,0.01971693,1,0,0.1,66.20779,-1662.246,3066.772
5.037694,0.3438817,1,0.01656533,1,0,0.1,66.25644,-1662.216,3066.665
4.797364,0.3599357,1,0.01396808,1,0,0.1,66.30404,-1662.187,3066.56
4.558869,0.3758672,1,0.01180019,1,0,0.1,66.35104,-1662.158,3066.459
4.320952,0.3917601,1,0.009977531,1,0,0.1,66.39769,-1662.129,3066.36
4.078755,0.4079388,1,0.008411941,1,0,0.1,66.44497,-1662.1,3066.26
3.83632,0.4241334,1,0.007093719,1,0,0.1,66.49207,-1662.071,3066.163
3.603303,0.439699,1,0.006027716,1,0,0.1,66.53712,-1662.042,3066.071
3.845097,0.4558509,1,0.005089918,1,0,0.1,66.58366,-1662.013,3065.978
4.085046,0.4718795,1,0.004305945,1,0,0.1,66.62961,-1661.983,3065.889
4.371597,0.4910211,1,0.003515819,1,0,0.1,66.6842,-1661.947,3065.785
4.567993,0.5041404,1,0.003074923,1,0,0.1,66.72139,-1661.921,3065.716
4.796871,0.5194294,1,0.00262643,1,0,0.1,66.76456,-1661.891,3065.639
4.933084,0.5352505,1,0.002230878,1,0,0.131579,66.80901,-1661.859,3065.562
5.019827,0.5531428,1,0.001851713,1,0,0.1672922,66.85905,-1661.823,3065.477
5.156259,0.5687805,1,0.001577261,1,0,0.1985052,66.90256,-1661.789,3065.406
5.203893,0.5846877,1,0.001339908,1,0,0.2302562,66.94662,-1661.755,3065.336
5.286479,0.6007145,1,5.192111,1,0,0.2622458,66.99084,-1661.719,3065.269
5.033544,0.6197647,1,10.41996,1,0,0.3002702,67.04318,-1661.676,3065.192
4.839119,0.6327522,1,13.33921,1,0,0.3261934,67.07872,-1661.646,3065.142
4.674432,0.6485239,1,16.44803,1,0,0.3576738,67.12176,-1661.609,3065.083
4.600472,0.6647485,1,19.16932,1,0,0.3900582,67.1659,-1661.57,3065.026
4.625265,0.6806395,1,21.42665,1,0,0.4217768,67.20901,-1661.532,3064.971
4.650403,0.6647622,1,23.34432,0,0,0.453468,67.25198,-1661.494,3064.917
4.707819,0.6488826,1,24.97566,1,0,0.4851638,67.29487,-1661.454,3064.864
4.944414,0.6330781,1,26.35437,1,0,0.5167098,67.33733,-1661.412,3064.81
5.182029,0.6172054,1,27.53159,1,0,0.5483918,67.37975,-1661.37,3064.757
5.422215,0.601161,1,28.54305,1,0,0.5804166,67.42242,-1661.325,3064.703
5.658812,0.5853564,1,29.38869,1,0,0.6119628,67.46426,-1661.279,3064.649
5.900855,0.5691879,1,30.1251,1,0,0.6442352,67.50684,-1661.231,3064.594
6.137483,0.5533811,1,30.73573,1,0,0.6757856,67.54825,-1661.183,3064.539
6.375146,0.5375053,1,31.25821,1,0,0.707474,67.58963,-1661.132,3064.484
6.618598,0.5212427,1,31.71399,1,0,0.7399342,67.63181,-1661.079,3064.427
6.8576,0.5052774,1,32.09358,1,0,0.7718012,67.67302,-1661.025,3064.371
7.096729,0.4893036,1,32.41694,1,0,0.803685,67.71404,-1660.97,3064.314
7.336036,0.4733179,1,32.69255,1,0,0.8355926,67.75489,-1660.912,3064.257
7.573477,0.4574569,1,32.92554,1,0,0.8672515,67.79523,-1660.853,3064.2
7.814588,0.4413506,1,33.12745,1,0,0.8827012,67.83601,-1660.792,3064.142
8.054339,0.4253352,1,33.2984,0,0,0.8506705,67.87637,-1660.731,3064.084
7.814323,0.4093021,1,33.44472,0,0,0.8186042,67.91678,-1660.672,3064.026
7.575598,0.3933553,1,33.5691,0,0,0.7867106,67.95697,-1660.614,3063.969
7.33565,0.3773268,1,33.67602,0,0,0.7546536,67.99737,-1660.557,3063.911
7.09588,0.3613101,1,33.76733,0,0,0.7226202,68.03774,-1660.5,3063.854
6.858421,0.3454479,1,33.84459,0,0,0.6908957,68.07774,-1660.445,3063.799
6.61636,0.3292782,1,33.91199,0,0,0.6585564,68.11852,-1660.389,3063.743
6.378698,0.3134024,1,33.96842,0,0,0.6268048,68.15858,-1660.334,3063.688
6.139442,0.2974201,1,34.01702,0,0,0.5948402,68.19891,-1660.28,3063.634
5.90018,0.2814374,1,34.05853,0,0,0.5628748,68.23926,-1660.225,3063.581
5.660773,0.265445,1,34.09401,0,0,0.5308899,68.27964,-1660.171,3063.529
5.422454,0.2495253,1,34.12417,0,0,0.4990506,68.31985,-1660.118,3063.478
5.184941,0.2336594,1,34.14985,0,0,0.4673189,68.35995,-1660.064,3063.428
4.947821,0.2178198,1,34.17176,0,0,0.4356396,68.39999,-1660.011,3063.379
4.703068,0.2014703,1,34.1911,0,0,0.4029405,68.44133,-1659.956,3063.331
4.632943,0.2,1,34.20714,0,0,0.4,68.48168,-1659.902,3063.284
4.615889,0.2,1,34.22089,0,0,0.4,68.52225,-1659.848,3063.24
4.598514,0.2,1,34.23255,0,0,0.4,68.56258,-1659.794,3063.196
4.579083,0.2,1,34.24252,0,0,0.4,68.60302,-1659.74,3063.155
4.558143,0.2,1,34.25097,0,0,0.4,68.64318,-1659.686,3063.115
4.535737,0.2,1,34.2582,0,0,0.4,68.6835,-1659.632,3063.076
4.562329,0.2,1,34.26437,0,0,0.4,68.72378,-1659.578,3063.04
4.588953,0.2,1,34.2698,0,0,0.4,68.7654,-1659.522,3063.003
4.611528,0.2,1,34.27427,0,0,0.4,68.80575,-1659.468,3062.97
4.628741,0.2,1,34.27806,0,0,0.4,68.84598,-1659.414,3062.938
4.639437,0.2,1,34.28131,0,0,0.4,68.88629,-1659.36,3062.907
4.643254,0.2,1,34.28409,0,0,0.4,68.92682,-1659.306,3062.877
4.640958,0.2,1,34.28653,0,0,0.4,68.96856,-1659.25,3062.847
4.633388,0.2,1,34.28853,0,0,0.4,69.00893,-1659.196,3062.819
4.621086,0.2,1,34.29023,0,0,0.4,69.04906,-1659.142,3062.793
4.605703,0.2,1,34.29171,0,0,0.4,69.09026,-1659.087,3062.766
4.583683,0.2,1,34.29295,0,0,0.4,69.13068,-1659.033,3062.742
4.551608,0.2,1,34.294,0,0,0.4,69.17106,-1658.979,3062.718
4.545404,0.2,1,34.29489,0,0,0.4,69.21128,-1658.926,3062.695
4.514697,0.2,1,34.29565,0,0,0.4,69.25155,-1658.872,3062.673
4.484671,0.2,1,34.2963,0,0,0.4,69.29173,-1658.819,3062.651
4.453761,0.2,1,34.29684,0,0,0.4,69.33179,-1658.766,3062.631
4.425954,0.2,1,34.29732,0,0,0.4,69.37206,-1658.713,3062.611
4.39477,0.2,1,34.29772,0,0,0.4,69.41208,-1658.66,3062.592
4.362841,0.2,1,34.29806,0,0,0.4,69.45281,-1658.607,3062.574
4.329032,0.2,1,34.29835,0,0,0.4,69.49258,-1658.555,3062.556
4.297499,0.2158966,1,34.2986,1,0,0.4317298,69.53275,-1658.501,3062.539
4.28947,0.2317289,1,34.2988,1,0,0.4633312,69.57261,-1658.446,3062.522
4.395406,0.247642,1,34.29898,1,0,0.4950938,69.61249,-1658.388,3062.504
4.515887,0.2634821,1,34.29913,1,0,0.5267108,69.65199,-1658.329,3062.486
4.657547,0.2793558,1,34.29926,1,0,0.5583948,69.69137,-1658.267,3062.469
4.803693,0.2952063,1,34.29937,1,0,0.5900326,69.7305,-1658.204,3062.451
4.945629,0.3111171,1,29.22226,1,0,0.6217906,69.76958,-1658.139,3062.433
5.096927,0.3270744,1,24.89375,1,0,0.6536416,69.80856,-1658.071,3062.415
5.253462,0.3428738,1,21.25129,1,0,0.6851772,69.84694,-1658.001,3062.398
5.425712,0.3586572,1,18.15282,1,0,0.716681,69.88506,-1657.93,3062.38
5.583208,0.3745484,1,15.49525,1,0,0.7484,69.92321,-1657.856,3062.36
5.727801,0.3904173,1,13.23629,1,0,0.7800744,69.96106,-1657.78,3062.34
5.906817,0.4063473,1,11.30493,1,0,0.8118708,69.9988,-1657.701,3062.318
6.089031,0.422407,1,9.647006,1,0,0.8439261,70.03658,-1657.619,3062.295
6.326819,0.4224724,1,8.252057,1,0,0.8449449,70.07368,-1657.536,3062.27
6.564164,0.4320846,1,7.064597,1,0,0.8641691,70.11047,-1657.452,3062.244
6.801626,0.4292662,1,10.97415,1,0,0.8585324,70.14702,-1657.365,3062.218
7.039217,0.4429465,1,14.315,1,0,0.885893,70.18335,-1657.275,3062.191
7.276055,0.4354388,1,17.16077,1,0,0.8708776,70.21935,-1657.184,3062.165
7.4994,0.4513198,1,19.60465,1,0,0.9025761,70.25526,-1657.09,3062.139
7.717335,0.4426579,1,21.69281,1,0,0.8853159,70.29095,-1656.994,3062.114
7.936229,0.4585275,1,23.48126,1,0,0.9169917,70.32645,-1656.896,3062.089
8.153954,0.4507852,1,25.01008,1,0,0.9015704,70.36172,-1656.797,3062.065
8.373046,0.4666738,1,26.3241,1,0,0.9332842,70.3969,-1656.695,3062.042
8.592077,0.4598837,1,27.4542,1,0,0.9197674,70.43204,-1656.591,3062.019
8.813467,0.475724,1,23.59794,1,0,0.9513848,70.46677,-1656.485,3061.997
9.033562,0.4598284,1,20.27892,0,0,0.9196568,70.50144,-1656.38,3061.978
8.796856,0.4440165,1,17.43998,0,0,0.8880329,70.53592,-1656.275,3061.96
8.558354,0.4280846,1,14.97862,0,0,0.8561691,70.57065,-1656.169,3061.943
8.323115,0.4123706,1,12.89251,0,0,0.8247412,70.6049,-1656.065,3061.928
8.084891,0.3964572,1,11.07331,0,0,0.7929145,70.63956,-1655.96,3061.914
7.847896,0.3806259,1,9.518178,0,0,0.7612519,70.67402,-1655.856,3061.901
7.609811,0.3647219,1,8.174722,0,0,0.7294438,70.70863,-1655.751,3061.889
7.372739,0.3488855,1,7.025303,0,0,0.697771,70.74307,-1655.647,3061.878
7.134628,0.3329796,1,6.032709,0,0,0.6659592,70.77765,-1655.544,3061.867
6.951972,0.3171783,1,5.185571,0,0,0.6343566,70.81198,-1655.441,3061.856
6.88854,0.3012308,1,-0.4130104,0,0,0.6024615,70.8466,-1655.338,3061.845
6.793223,0.2854231,1,-5.178054,0,0,0.5708462,70.88091,-1655.236,3061.834
6.718993,0.2695453,1,-9.293756,0,0,0.5390906,70.91537,-1655.135,3061.821
6.628979,0.2537364,1,-12.81509,0,0,0.5074728,70.94968,-1655.035,3061.807
6.527482,0.2378015,1,-15.86728,0,0,0.4756029,70.98429,-1654.935,3061.791
6.426066,0.2219961,1,-18.46716,0,0,0.4439922,71.01864,-1654.837,3061.773
6.306955,0.2061015,1,-20.71538,0,0,0.412203,71.05322,-1654.74,3061.753
6.293981,0.2,1,-22.64279,0,0,0.4,71.08775,-1654.644,3061.732
6.323502,0.2,1,-24.30082,0,0,0.4,71.12238,-1654.549,3061.709
6.344429,0.2,1,-25.72237,0,0,0.4,71.15698,-1654.456,3061.684
6.355241,0.2,1,-26.94493,0,0,0.4,71.19167,-1654.365,3061.657
6.352518,0.2,1,-27.9959,0,0,0.4,71.22645,-1654.274,3061.629
6.40904,0.2,1,-28.89884,0,0,0.4,71.2613,-1654.185,3061.599
6.478563,0.2,1,-29.66669,0,0,0.4,71.29588,-1654.098,3061.568
6.537801,0.2,1,-30.33217,0,0,0.4,71.33081,-1654.012,3061.536
6.589445,0.2,1,-30.90066,0,0,0.4,71.36565,-1653.927,3061.503
6.632655,0.2,1,-31.38511,0,0,0.4,71.40028,-1653.845,3061.469
6.667772,0.2,1,-31.80594,0,0,0.4,71.43536,-1653.762,3061.433
6.694814,0.2,1,-27.23197,0,0,0.4,71.47028,-1653.681,3061.396
6.714476,0.2,1,-23.32429,0,0,0.4,71.5051,-1653.601,3061.359
6.732534,0.2,1,-19.97435,0,0,0.4,71.53992,-1653.522,3061.321
6.741907,0.2,1,-17.09006,0,0,0.4,71.57489,-1653.443,3061.282
6.715483,0.2,1,-14.62361,0,0,0.4,71.60979,-1653.364,3061.244
6.66448,0.2,1,-12.52395,0,0,0.4,71.64448,-1653.286,3061.206
6.5937,0.2,1,-10.71792,0,0,0.4,71.67926,-1653.208,3061.167
6.515993,0.2,1,-9.17153,0,0,0.4,71.714,-1653.129,3061.129
6.422112,0.2,1,-7.851594,0,0,0.4,71.74861,-1653.051,3061.092
6.329415,0.2,1,-6.726548,0,0,0.4,71.78302,-1652.973,3061.054
6.23411,0.2,1,-5.751826,0,0,0.4,71.81778,-1652.895,3061.016
6.140826,0.2,1,-4.930146,0,1,0.4,71.852,-1652.821,3060.98
5.902035,0.2,1,-4.214104,0,1,0.4,71.88685,-1652.748,3060.945
5.664479,0.2,1,-3.603285,0,1,0.4,71.92168,-1652.677,3060.911
5.426322,0.2,1,-3.078033,0,1,0.4,71.95677,-1652.61,3060.877
5.190408,0.2,1,-2.632123,0,1,0.4,71.9917,-1652.546,3060.846
4.953011,0.2,1,-2.247186,0,1,0.4,72.02702,-1652.483,3060.815
4.714884,0.2,1,-1.916475,0,1,0.4,72.06261,-1652.424,3060.785
4.476793,0.2,1,-1.633561,0,1,0.4,72.09837,-1652.367,3060.757
4.241118,0.2,1,-1.394081,0,1,0.4,72.13394,-1652.313,3060.729
3.998358,0.2,1,-1.182888,0,1,0.4,72.17077,-1652.26,3060.702
3.777125,0.2,1,-1.007647,0,1,0.4,72.20683,-1652.212,3060.677
3.583648,0.2,1,-0.8570727,0,1,0.4,72.24326,-1652.165,3060.653
3.397171,0.2,1,-0.7293198,0,0,0.1,72.27966,-1652.119,3060.629
3.416087,0.2,1,-0.6199347,0,0,0.1,72.31624,-1652.073,3060.605
3.424355,0.2,1,-0.5275244,0,0,0.1,72.35255,-1652.028,3060.581
3.393456,0.2,1,-0.4482321,0,0,0.1,72.38914,-1651.982,3060.558
3.351587,0.2,1,-0.3811767,0,0,0.1,72.42552,-1651.938,3060.534
3.305791,0.2,1,-0.3237623,0,0,0.1,72.46212,-1651.893,3060.511
3.262269,0.2,1,-0.2753707,0,0,0.1,72.4984,-1651.849,3060.488
3.221419,0.2,1,-0.2339658,0,0,0.1,72.53486,-1651.805,3060.464
3.184719,0.2,1,-0.199024,0,0,0.1,72.57104,-1651.762,3060.441
3.150642,0.2,1,-0.169103,0,0,0.1,72.60744,-1651.72,3060.417
3.119066,0.2,1,-0.1435968,0,0,0.1,72.64391,-1651.677,3060.394
3.089103,0.2,1,-0.1219586,0,0,0.1,72.68032,-1651.635,3060.371
3.059947,0.2,1,-0.1036913,0,0,0.1,72.71648,-1651.593,3060.348
3.0323,0.2,1,-0.0881004,0,0,0.1,72.75273,-1651.552,3060.326
3.005756,0.2,1,-0.0749141,0,0,0.1,72.78879,-1651.511,3060.303
2.980081,0.2,1,-0.06360896,0,0,0.1,72.82511,-1651.47,3060.281
2.95561,0.2,1,-0.05396931,0,0,0.1,72.86156,-1651.43,3060.258
2.931106,0.2,1,-0.04590413,0,0,0.1,72.89745,-1651.39,3060.236
2.906665,0.2,1,-0.03896156,0,0,0.1,72.93375,-1651.35,3060.214
2.883255,0.2,1,-0.03306639,0,0,0.1,72.97003,-1651.311,3060.193
2.859797,0.2,1,-0.02811205,0,0,0.1,73.00593,-1651.272,3060.171
2.83609,0.2,1,-0.02382339,0,0,0.1,73.04244,-1651.233,3060.149
2.813065,0.2,1,-0.02023775,0,0,0.1,73.07843,-1651.195,3060.128
2.789573,0.2,1,-0.01720437,0,0,0.1,73.11423,-1651.157,3060.107
2.766589,0.2,1,-0.01459758,0,0,0.1,73.1504,-1651.12,3060.086
2.739618,0.2,1,-0.01238213,0,0,0.1,73.18658,-1651.082,3060.066
2.713746,0.2,1,-0.01051627,0,0,0.1,73.22248,-1651.045,3060.045
2.687929,0.2,1,-0.008918831,0,0,0.1,73.25863,-1651.008,3060.025
2.66261,0.2,1,-0.007568188,0,0,0.1,73.29464,-1650.972,3060.005
2.636998,0.2,1,-0.006425264,0,0,0.1,73.33051,-1650.936,3059.985
2.612153,0.2,1,-0.005450495,0,0,0.1,73.36652,-1650.9,3059.966
2.588267,0.2,1,-0.004620319,0,0,0.1,73.40263,-1650.864,3059.946
2.565859,0.2,1,-0.003926958,0,0,0.1,73.43817,-1650.829,3059.927
2.542194,0.2,1,-0.003330623,0,0,0.1,73.47411,-1650.794,3059.908
2.519824,0.2,1,-0.002822476,0,0,0.1,73.51018,-1650.76,3059.889
2.496898,0.2,1,-0.002396446,0,0,0.1,73.54584,-1650.726,3059.871
2.473256,0.2,1,-0.002032323,0,0,0.1,73.5817,-1650.692,3059.853
2.450214,0.2,1,-0.001722433,0,0,0.1,73.61765,-1650.658,3059.834
2.429053,0.2,1,-0.00146227,0,0,0.1,73.65322,-1650.625,3059.816
2.407962,0.2,1,-0.001239257,0,0,0.1,73.68911,-1650.592,3059.798
2.387338,0.2,1,-0.001050146,0,0,0.1,73.72499,-1650.559,3059.78
2.366682,0.2,1,-0.0008914947,0,0,0.1,73.76048,-1650.527,3059.763
2.346107,0.2,1,-0.0007557663,0,0,0.1,73.7962,-1650.495,3059.745
2.324247,0.2,1,-0.0006403176,0,0,0.1,73.83202,-1650.464,3059.728
2.30247,0.2,1,-0.0005433063,0,0,0.1,73.8675,-1650.432,3059.711
2.28009,0.2,1,-0.0004603933,0,0,0.1,73.90321,-1650.401,3059.694
2.257684,0.2,1,-0.0003898302,0,0,0.1,73.93903,-1650.371,3059.677
2.235136,0.2,1,-0.0003306252,0,0,0.1,73.97451,-1650.34,3059.66
2.212419,0.2,1,-0.0002800969,0,0,0.1,74.01017,-1650.31,3059.644
2.189896,0.2,1,-0.0002373466,0,0,0.1,74.04575,-1650.28,3059.627
2.167095,0.2,1,-0.0002010314,0,0,0.1,74.08138,-1650.251,3059.611
2.144389,0.2,1,-0.0001702897,0,0,0.1,74.11697,-1650.222,3059.595
2.121729,0.2,1,-0.0001441746,0,0,0.1,74.15262,-1650.193,3059.579
2.099285,0.2,1,-0.000122148,0,0,0.1,74.1881,-1650.164,3059.564
2.076799,0.2,1,-0.0001035074,0,0,0.1,74.22351,-1650.136,3059.548
2.054324,0.2,1,-8.760286E-05,0,0,0.1,74.25912,-1650.108,3059.533
2.032087,0.2,1,-7.416601E-05,0,0,0.1,74.29465,-1650.08,3059.518
2.009396,0.2,1,-6.277117E-05,0,0,0.1,74.33019,-1650.053,3059.503
1.98726,0.2,1,-5.317135E-05,0,0,0.1,74.36554,-1650.026,3059.488
1.965649,0.2,1,-4.497643E-05,0,0,0.1,74.40112,-1649.999,3059.473
1.944805,0.2,1,-3.811176E-05,0,0,0.1,74.43633,-1649.973,3059.459
1.923823,0.2,1,-3.225856E-05,0,0,0.1,74.47173,-1649.946,3059.445
1.903923,0.2,1,-2.732221E-05,0,1,0.1315934,74.50697,-1649.923,3059.433
1.837468,0.2,1,-2.310615E-05,0,1,0.1633372,74.54258,-1649.903,3059.422
1.620948,0.2,1,-1.953761E-05,0,1,0.1949938,74.57831,-1649.885,3059.413
1.419998,0.2,1,-1.64375E-05,0,1,0.2274018,74.6151,-1649.87,3059.406
1.221231,0.2,1,-1.394907E-05,0,1,0.2582094,74.65028,-1649.858,3059.401
1.020541,0.2,1,-1.175092E-05,0,0,0.1,74.68699,-1649.848,3059.397
0.8437169,0.2,1,-9.918504E-06,0,0,0.1,74.72336,-1649.84,3059.395
0.691987,0.2,1,-8.056693E-06,0,0,0.1,74.7672,-1649.833,3059.393
0.4956325,0.2,1,-7.007957E-06,0,0,0.1,74.79765,-1649.83,3059.393
0.3780048,0.2,1,-5.900517E-06,0,0,0.1,74.83463,-1649.827,3059.394
0.2849801,0.2,1,-4.963911E-06,0,0,0.1,74.87178,-1649.825,3059.395
0.1898818,0.2,1,-4.170853E-06,0,0,0.1,74.90916,-1649.824,3059.396
0.1258803,0.2,1,-3.500986E-06,0,0,0.1,74.94672,-1649.823,3059.397
0.08336988,0.2,1,-2.946372E-06,0,0,0.1,74.98372,-1649.822,3059.399
0.06320998,0.2,1,-2.473303E-06,0,0,0.1,75.02117,-1649.821,3059.4
0.05320781,0.2,1,-2.013466E-06,0,0,0.1,75.06449,-1649.82,3059.402
0.04397096,0.2,1,-1.750352E-06,0,0,0.1,75.09489,-1649.82,3059.403
0.04250166,0.2,1,-1.472377E-06,0,0,0.1,75.13179,-1649.819,3059.404
0.03999298,0.2,1,-1.239173E-06,0,0,0.1,75.16854,-1649.819,3059.405
0.03694992,0.2,1,-1.043401E-06,0,0,0.1,75.20515,-1649.819,3059.406
0.03422146,0.2,1,-8.778727E-07,0,0,0.1,75.24187,-1649.818,3059.407
0.03191015,0.2,1,-7.389388E-07,0,0,0.1,75.27844,-1649.818,3059.407
0.03017371,0.2,1,-6.21981E-07,0,0,0.1,75.31498,-1649.818,3059.408
0.02860313,0.2,1,-5.236532E-07,0,0,0.1,75.35143,-1649.817,3059.409
0.02727398,0.2,1,-4.405426E-07,0,0,0.1,75.38796,-1649.817,3059.41
0.02572041,0.2,1,-3.707863E-07,0,0,0.1,75.42437,-1649.817,3059.41
0.02451544,0.2,1,-3.120252E-07,0,0,0.1,75.46075,-1649.817,3059.411
0.02352251,0.2,1,-2.626534E-07,0,0,0.1,75.49704,-1649.816,3059.411
0.02222701,0.2,1,-2.210725E-07,0,0,0.1,75.53329,-1649.816,3059.412
0.02154362,0.2,1,-1.858663E-07,0,0,0.1,75.56972,-1649.816,3059.412
0.0176433,0.2,1,-1.565132E-07,0,0,0.1,75.60578,-1649.816,3059.412
0.01617591,0.2,1,-1.314194E-07,0,0,0.1,75.64235,-1649.816,3059.412
0.01532404,0.2,1,-1.108909E-07,0,0,0.1,75.67793,-1649.816,3059.413
0.01445198,0.2,1,-9.332101E-08,0,0,0.1,75.71397,-1649.816,3059.413
0.01391809,0.2,1,-7.854735E-08,0,0,0.1,75.74994,-1649.816,3059.413
0.01359489,0.2,1,-6.613616E-08,0,0,0.1,75.78578,-1649.816,3059.413
0.01294054,0.2,1,-5.565649E-08,0,0,0.1,75.82168,-1649.816,3059.413
0.01239001,0.2,1,-4.684629E-08,0,0,0.1,75.8575,-1649.816,3059.413
0.01185506,0.2,1,-3.942822E-08,0,0,0.1,75.89328,-1649.816,3059.413
